0 0 0 0 0 0 0 0 0 0 0 0 

0 0 0 0 0 0 0 0 0 0 1 1 
9 16 7 16 
0 0 0 0 0 0 0 0 0 1 0 1 
13 17 14 17 
0 0 0 0 0 0 0 0 0 1 1 0 
9 4 6 16 
0 0 0 0 0 0 0 0 1 0 0 1 
8 4 7 16 
0 0 0 0 0 0 0 0 1 0 1 0 
14 17 12 17 
0 0 0 0 0 0 0 0 1 1 0 0 
8 16 6 16 
0 0 0 0 0 0 0 0 1 1 1 1 
17 
0 0 0 0 0 0 0 1 0 0 0 1 
17 3 17 
0 0 0 0 0 0 0 1 0 0 1 0 
5 13 17 
0 0 0 0 0 0 0 1 0 1 0 0 
5 3 17 
0 0 0 0 0 0 0 1 0 1 1 1 
13 14 17 
0 0 0 0 0 0 0 1 1 0 0 0 
17 13 17 
0 0 0 0 0 0 0 1 1 0 1 1 
11 13 17 
0 0 0 0 0 0 0 1 1 1 0 1 
3 17 
0 0 0 0 0 0 0 1 1 1 1 0 
13 17 
0 0 0 0 0 0 1 0 0 0 0 1 
17 15 17 
0 0 0 0 0 0 1 0 0 0 1 0 
17 0 17 
0 0 0 0 0 0 1 0 0 1 0 0 
5 15 17 
0 0 0 0 0 0 1 0 0 1 1 1 
11 15 17 
0 0 0 0 0 0 1 0 1 0 0 0 
5 0 17 
0 0 0 0 0 0 1 0 1 0 1 1 
0 17 
0 0 0 0 0 0 1 0 1 1 0 1 
15 17 
0 0 0 0 0 0 1 0 1 1 1 0 
15 13 17 
0 0 0 0 0 0 1 1 0 0 0 0 
12 16 15 16 
0 0 0 0 0 0 1 1 0 0 1 1 
0 13 14 17 
0 0 0 0 0 0 1 1 0 1 0 1 
13 15 14 17 
0 0 0 0 0 0 1 1 0 1 1 0 
0 2 13 17 
0 0 0 0 0 0 1 1 1 0 0 1 
0 3 17 
0 0 0 0 0 0 1 1 1 0 1 0 
0 13 17 
0 0 0 0 0 0 1 1 1 1 0 0 
13 15 17 
0 0 0 0 0 0 1 1 1 1 1 1 
3 4 17 12 16 
0 0 0 0 0 1 0 0 0 0 0 1 
5 14 17 
0 0 0 0 0 1 0 0 0 0 1 0 
5 1 17 
0 0 0 0 0 1 0 0 0 1 0 0 
17 14 17 
0 0 0 0 0 1 0 0 0 1 1 1 
14 17 
0 0 0 0 0 1 0 0 1 0 0 0 
17 1 17 
0 0 0 0 0 1 0 0 1 0 1 1 
14 12 17 
0 0 0 0 0 1 0 0 1 1 0 1 
11 14 17 
0 0 0 0 0 1 0 0 1 1 1 0 
1 17 
0 0 0 0 0 1 0 1 0 0 0 0 
15 16 13 16 
0 0 0 0 0 1 0 1 0 0 1 1 
5 14 13 17 
0 0 0 0 0 1 0 1 0 1 0 1 
3 14 17 
0 0 0 0 0 1 0 1 0 1 1 0 
14 13 17 
0 0 0 0 0 1 0 1 1 0 0 1 
3 14 12 17 
0 0 0 0 0 1 0 1 1 0 1 0 
14 13 12 17 
0 0 0 0 0 1 0 1 1 1 0 0 
3 1 17 
0 0 0 0 0 1 0 1 1 1 1 1 
17 15 16 13 16 
0 0 0 0 0 1 1 0 0 0 0 0 
2 16 12 16 
0 0 0 0 0 1 1 0 0 0 1 1 
0 14 17 
0 0 0 0 0 1 1 0 0 1 0 1 
15 14 17 
0 0 0 0 0 1 1 0 0 1 1 0 
15 14 13 17 
0 0 0 0 0 1 1 0 1 0 0 1 
15 14 12 17 
0 0 0 0 0 1 1 0 1 0 1 0 
1 0 17 
0 0 0 0 0 1 1 0 1 1 0 0 
1 15 17 
0 0 0 0 0 1 1 0 1 1 1 1 
17 2 16 12 16 
0 0 0 0 0 1 1 1 0 0 0 1 
0 3 14 17 
0 0 0 0 0 1 1 1 0 0 1 0 
0 14 13 17 
0 0 0 0 0 1 1 1 0 1 0 0 
14 13 15 17 
0 0 0 0 0 1 1 1 0 1 1 1 
17 0 3 14 17 
0 0 0 0 0 1 1 1 1 0 0 0 
0 3 1 17 
0 0 0 0 0 1 1 1 1 0 1 1 
5 0 14 13 17 
0 0 0 0 0 1 1 1 1 1 0 1 
15 17 16 13 16 
0 0 0 0 0 1 1 1 1 1 1 0 
15 16 13 17 16 
0 0 0 0 1 0 0 0 0 0 0 1 
5 2 17 
0 0 0 0 1 0 0 0 0 0 1 0 
17 12 17 
0 0 0 0 1 0 0 0 0 1 0 0 
17 2 17 
0 0 0 0 1 0 0 0 0 1 1 1 
2 17 
0 0 0 0 1 0 0 0 1 0 0 0 
5 12 17 
0 0 0 0 1 0 0 0 1 0 1 1 
12 17 
0 0 0 0 1 0 0 0 1 1 0 1 
12 15 17 
0 0 0 0 1 0 0 0 1 1 1 0 
11 12 17 
0 0 0 0 1 0 0 1 0 0 0 0 
1 16 14 16 
0 0 0 0 1 0 0 1 0 0 1 1 
17 3 12 17 
0 0 0 0 1 0 0 1 0 1 0 1 
3 2 17 
0 0 0 0 1 0 0 1 0 1 1 0 
2 13 17 
0 0 0 0 1 0 0 1 1 0 0 1 
3 12 17 
0 0 0 0 1 0 0 1 1 0 1 0 
13 12 17 
0 0 0 0 1 0 0 1 1 1 0 0 
3 11 12 17 
0 0 0 0 1 0 0 1 1 1 1 1 
17 1 16 14 16 
0 0 0 0 1 0 1 0 0 0 0 0 
14 16 12 16 
0 0 0 0 1 0 1 0 0 0 1 1 
2 0 17 
0 0 0 0 1 0 1 0 0 1 0 1 
2 15 17 
0 0 0 0 1 0 1 0 0 1 1 0 
11 15 12 17 
0 0 0 0 1 0 1 0 1 0 0 1 
15 12 17 
0 0 0 0 1 0 1 0 1 0 1 0 
15 13 12 17 
0 0 0 0 1 0 1 0 1 1 0 0 
5 15 12 17 
0 0 0 0 1 0 1 0 1 1 1 1 
17 14 16 12 16 
0 0 0 0 1 0 1 1 0 0 0 1 
2 0 3 17 
0 0 0 0 1 0 1 1 0 0 1 0 
2 0 13 17 
0 0 0 0 1 0 1 1 0 1 0 0 
2 13 15 17 
0 0 0 0 1 0 1 1 0 1 1 1 
5 2 13 15 17 
0 0 0 0 1 0 1 1 1 0 0 0 
13 15 12 17 
0 0 0 0 1 0 1 1 1 0 1 1 
12 17 16 15 16 
0 0 0 0 1 0 1 1 1 1 0 1 
12 16 15 17 16 
0 0 0 0 1 0 1 1 1 1 1 0 
5 13 15 12 17 
0 0 0 0 1 1 0 0 0 0 0 0 
13 16 14 16 
0 0 0 0 1 1 0 0 0 0 1 1 
12 14 17 
0 0 0 0 1 1 0 0 0 1 0 1 
12 15 14 17 
0 0 0 0 1 1 0 0 0 1 1 0 
1 2 17 
0 0 0 0 1 1 0 0 1 0 0 1 
1 3 12 17 
0 0 0 0 1 1 0 0 1 0 1 0 
1 12 17 
0 0 0 0 1 1 0 0 1 1 0 0 
11 12 14 17 
0 0 0 0 1 1 0 0 1 1 1 1 
2 4 17 13 16 
0 0 0 0 1 1 0 1 0 0 0 1 
3 12 14 17 
0 0 0 0 1 1 0 1 0 0 1 0 
12 14 13 17 
0 0 0 0 1 1 0 1 0 1 0 0 
3 1 2 17 
0 0 0 0 1 1 0 1 0 1 1 1 
13 16 14 17 16 
0 0 0 0 1 1 0 1 1 0 0 0 
3 1 12 17 
0 0 0 0 1 1 0 1 1 0 1 1 
17 3 1 12 17 
0 0 0 0 1 1 0 1 1 1 0 1 
5 3 12 14 17 
0 0 0 0 1 1 0 1 1 1 1 0 
13 17 16 14 16 
0 0 0 0 1 1 1 0 0 0 0 1 
15 12 14 17 
0 0 0 0 1 1 1 0 0 0 1 0 
1 2 0 17 
0 0 0 0 1 1 1 0 0 1 0 0 
1 2 15 17 
0 0 0 0 1 1 1 0 0 1 1 1 
14 17 16 12 16 
0 0 0 0 1 1 1 0 1 0 0 0 
1 15 12 17 
0 0 0 0 1 1 1 0 1 0 1 1 
14 16 12 17 16 
0 0 0 0 1 1 1 0 1 1 0 1 
5 15 12 14 17 
0 0 0 0 1 1 1 0 1 1 1 0 
5 1 15 12 17 
0 0 0 0 1 1 1 1 0 0 0 0 
14 1 16 8 12 16 
0 0 0 0 1 1 1 1 0 0 1 1 
14 5 9 1 12 16 
0 0 0 0 1 1 1 1 0 1 0 1 
14 16 15 17 12 16 
0 0 0 0 1 1 1 1 0 1 1 0 
14 13 17 16 12 16 
0 0 0 0 1 1 1 1 1 0 0 1 
15 12 17 16 13 16 
0 0 0 0 1 1 1 1 1 0 1 0 
13 5 3 14 12 16 
0 0 0 0 1 1 1 1 1 1 0 0 
15 5 8 0 13 16 
0 0 0 0 1 1 1 1 1 1 1 1 
3 2 17 13 12 16 
0 0 0 1 0 0 0 0 0 0 0 1 
4 13 15 13 16 
0 0 0 1 0 0 0 0 0 0 1 0 
4 9 16 
0 0 0 1 0 0 0 0 0 1 0 0 
0 16 14 16 
0 0 0 1 0 0 0 0 0 1 1 1 
13 14 13 17 
0 0 0 1 0 0 0 0 1 0 0 0 
16 8 16 
0 0 0 1 0 0 0 0 1 0 1 1 
10 6 17 
0 0 0 1 0 0 0 0 1 1 0 1 
13 3 1 17 
0 0 0 1 0 0 0 0 1 1 1 0 
7 17 
0 0 0 1 0 0 0 1 0 0 0 0 
4 15 16 
0 0 0 1 0 0 0 1 0 0 1 1 
5 7 14 17 
0 0 0 1 0 0 0 1 0 1 0 1 
13 3 14 17 
0 0 0 1 0 0 0 1 0 1 1 0 
7 14 17 
0 0 0 1 0 0 0 1 1 0 0 1 
11 7 14 17 
0 0 0 1 0 0 0 1 1 0 1 0 
9 8 12 16 
0 0 0 1 0 0 0 1 1 1 0 0 
3 7 17 
0 0 0 1 0 0 0 1 1 1 1 1 
4 17 15 16 
0 0 0 1 0 0 1 0 0 0 0 0 
4 3 16 
0 0 0 1 0 0 1 0 0 0 1 1 
11 7 15 17 
0 0 0 1 0 0 1 0 0 1 0 1 
15 13 14 13 17 
0 0 0 1 0 0 1 0 0 1 1 0 
3 6 14 16 
0 0 0 1 0 0 1 0 1 0 0 1 
17 7 15 17 
0 0 0 1 0 0 1 0 1 0 1 0 
0 7 17 
0 0 0 1 0 0 1 0 1 1 0 0 
7 15 17 
0 0 0 1 0 0 1 0 1 1 1 1 
4 17 3 16 
0 0 0 1 0 0 1 1 0 0 0 1 
11 6 15 14 16 
0 0 0 1 0 0 1 1 0 0 1 0 
0 7 14 17 
0 0 0 1 0 0 1 1 0 1 0 0 
6 15 14 16 
0 0 0 1 0 0 1 1 0 1 1 1 
5 6 15 14 16 
0 0 0 1 0 0 1 1 1 0 0 0 
8 12 15 16 
0 0 0 1 0 0 1 1 1 0 1 1 
3 17 8 12 16 
0 0 0 1 0 0 1 1 1 1 0 1 
4 15 17 16 
0 0 0 1 0 0 1 1 1 1 1 0 
3 5 8 12 16 
0 0 0 1 0 1 0 0 0 0 0 0 
16 2 16 
0 0 0 1 0 1 0 0 0 0 1 1 
10 6 14 17 
0 0 0 1 0 1 0 0 0 1 0 1 
1 3 14 17 
0 0 0 1 0 1 0 0 0 1 1 0 
1 14 17 
0 0 0 1 0 1 0 0 1 0 0 1 
11 1 14 17 
0 0 0 1 0 1 0 0 1 0 1 0 
8 0 9 16 
0 0 0 1 0 1 0 0 1 1 0 0 
7 3 17 
0 0 0 1 0 1 0 0 1 1 1 1 
17 16 2 16 
0 0 0 1 0 1 0 1 0 0 0 1 
2 11 6 15 16 
0 0 0 1 0 1 0 1 0 0 1 0 
2 9 12 16 
0 0 0 1 0 1 0 1 0 1 0 0 
2 6 15 16 
0 0 0 1 0 1 0 1 0 1 1 1 
14 4 17 15 16 
0 0 0 1 0 1 0 1 1 0 0 0 
8 0 15 16 
0 0 0 1 0 1 0 1 1 0 1 1 
5 2 9 12 16 
0 0 0 1 0 1 0 1 1 1 0 1 
17 2 6 15 16 
0 0 0 1 0 1 0 1 1 1 1 0 
17 2 9 12 16 
0 0 0 1 0 1 1 0 0 0 0 1 
13 2 12 15 16 
0 0 0 1 0 1 1 0 0 0 1 0 
3 2 12 16 
0 0 0 1 0 1 1 0 0 1 0 0 
3 2 6 16 
0 0 0 1 0 1 1 0 0 1 1 1 
0 16 14 17 16 
0 0 0 1 0 1 1 0 1 0 0 0 
3 8 0 16 
0 0 0 1 0 1 1 0 1 0 1 1 
5 3 2 12 16 
0 0 0 1 0 1 1 0 1 1 0 1 
4 7 15 17 16 
0 0 0 1 0 1 1 0 1 1 1 0 
17 3 2 12 16 
0 0 0 1 0 1 1 1 0 0 0 0 
2 12 15 16 
0 0 0 1 0 1 1 1 0 0 1 1 
3 14 17 8 12 16 
0 0 0 1 0 1 1 1 0 1 0 1 
14 4 15 17 16 
0 0 0 1 0 1 1 1 0 1 1 0 
3 14 5 8 12 16 
0 0 0 1 0 1 1 1 1 0 0 1 
15 17 8 0 16 
0 0 0 1 0 1 1 1 1 0 1 0 
13 3 17 8 12 16 
0 0 0 1 0 1 1 1 1 1 0 0 
4 13 15 17 16 
0 0 0 1 0 1 1 1 1 1 1 1 
3 17 2 12 16 
0 0 0 1 1 0 0 0 0 0 0 0 
16 14 16 
0 0 0 1 1 0 0 0 0 0 1 1 
2 10 6 17 
0 0 0 1 1 0 0 0 0 1 0 1 
8 1 3 14 17 
0 0 0 1 1 0 0 0 0 1 1 0 
2 7 17 
0 0 0 1 1 0 0 0 1 0 0 1 
10 6 15 17 
0 0 0 1 1 0 0 0 1 0 1 0 
7 12 17 
0 0 0 1 1 0 0 0 1 1 0 0 
6 3 8 16 
0 0 0 1 1 0 0 0 1 1 1 1 
17 16 14 16 
0 0 0 1 1 0 0 1 0 0 0 1 
11 0 15 14 16 
0 0 0 1 1 0 0 1 0 0 1 0 
9 14 12 16 
0 0 0 1 1 0 0 1 0 1 0 0 
0 15 14 16 
0 0 0 1 1 0 0 1 0 1 1 1 
5 0 15 14 16 
0 0 0 1 1 0 0 1 1 0 0 0 
0 8 15 16 
0 0 0 1 1 0 0 1 1 0 1 1 
5 9 14 12 16 
0 0 0 1 1 0 0 1 1 1 0 1 
17 0 15 14 16 
0 0 0 1 1 0 0 1 1 1 1 0 
17 9 14 12 16 
0 0 0 1 1 0 1 0 0 0 0 1 
3 16 7 14 16 
0 0 0 1 1 0 1 0 0 0 1 0 
3 14 12 16 
0 0 0 1 1 0 1 0 0 1 0 0 
3 0 14 16 
0 0 0 1 1 0 1 0 0 1 1 1 
5 3 0 14 16 
0 0 0 1 1 0 1 0 1 0 0 0 
3 0 8 16 
0 0 0 1 1 0 1 0 1 0 1 1 
5 3 14 12 16 
0 0 0 1 1 0 1 0 1 1 0 1 
15 17 16 14 16 
0 0 0 1 1 0 1 0 1 1 1 0 
17 3 14 12 16 
0 0 0 1 1 0 1 1 0 0 0 0 
14 12 15 16 
0 0 0 1 1 0 1 1 0 0 1 1 
3 2 17 8 12 16 
0 0 0 1 1 0 1 1 0 1 0 1 
15 5 0 14 16 
0 0 0 1 1 0 1 1 0 1 1 0 
7 14 17 16 12 16 
0 0 0 1 1 0 1 1 1 0 0 1 
4 0 15 17 16 
0 0 0 1 1 0 1 1 1 0 1 0 
12 5 8 15 16 
0 0 0 1 1 0 1 1 1 1 0 0 
15 5 0 8 16 
0 0 0 1 1 0 1 1 1 1 1 1 
3 17 14 12 16 
0 0 0 1 1 1 0 0 0 0 0 1 
10 7 15 14 16 
0 0 0 1 1 1 0 0 0 0 1 0 
0 2 9 16 
0 0 0 1 1 1 0 0 0 1 0 0 
6 3 2 16 
0 0 0 1 1 1 0 0 0 1 1 1 
16 14 17 16 
0 0 0 1 1 1 0 0 1 0 0 0 
7 3 12 17 
0 0 0 1 1 1 0 0 1 0 1 1 
14 5 0 9 16 
0 0 0 1 1 1 0 0 1 1 0 1 
11 16 14 17 16 
0 0 0 1 1 1 0 0 1 1 1 0 
14 17 0 9 16 
0 0 0 1 1 1 0 1 0 0 0 0 
0 2 15 16 
0 0 0 1 1 1 0 1 0 0 1 1 
14 5 9 12 16 
0 0 0 1 1 1 0 1 0 1 0 1 
14 17 6 15 16 
0 0 0 1 1 1 0 1 0 1 1 0 
14 17 9 12 16 
0 0 0 1 1 1 0 1 1 0 0 1 
11 14 17 9 12 16 
0 0 0 1 1 1 0 1 1 0 1 0 
13 5 9 14 12 16 
0 0 0 1 1 1 0 1 1 1 0 0 
17 14 17 9 12 16 
0 0 0 1 1 1 0 1 1 1 1 1 
14 17 0 15 16 
0 0 0 1 1 1 1 0 0 0 0 0 
3 0 2 16 
0 0 0 1 1 1 1 0 0 0 1 1 
14 5 3 12 16 
0 0 0 1 1 1 1 0 0 1 0 1 
15 16 14 17 16 
0 0 0 1 1 1 1 0 0 1 1 0 
14 17 3 12 16 
0 0 0 1 1 1 1 0 1 0 0 1 
11 14 17 3 12 16 
0 0 0 1 1 1 1 0 1 0 1 0 
14 12 17 9 16 
0 0 0 1 1 1 1 0 1 1 0 0 
17 14 17 3 12 16 
0 0 0 1 1 1 1 0 1 1 1 1 
14 17 3 0 16 
0 0 0 1 1 1 1 1 0 0 0 1 
5 3 14 17 12 16 
0 0 0 1 1 1 1 1 0 0 1 0 
14 0 17 9 12 16 
0 0 0 1 1 1 1 1 0 1 0 0 
17 3 14 17 12 16 
0 0 0 1 1 1 1 1 0 1 1 1 
3 14 17 12 16 
0 0 0 1 1 1 1 1 1 0 0 0 
5 14 12 17 15 16 
0 0 0 1 1 1 1 1 1 0 1 1 
14 12 17 15 16 
0 0 0 1 1 1 1 1 1 1 0 1 
14 12 15 17 16 
0 0 0 1 1 1 1 1 1 1 1 0 
13 3 17 14 12 16 
0 0 1 0 0 0 0 0 0 0 0 1 
16 7 16 
0 0 1 0 0 0 0 0 0 0 1 0 
10 3 16 12 16 
0 0 1 0 0 0 0 0 0 1 0 0 
4 6 16 
0 0 1 0 0 0 0 0 0 1 1 1 
10 8 17 
0 0 1 0 0 0 0 0 1 0 0 0 
2 16 13 16 
0 0 1 0 0 0 0 0 1 0 1 1 
15 0 3 17 
0 0 1 0 0 0 0 0 1 1 0 1 
9 17 
0 0 1 0 0 0 0 0 1 1 1 0 
15 13 15 17 
0 0 1 0 0 0 0 1 0 0 0 0 
16 1 16 
0 0 1 0 0 0 0 1 0 0 1 1 
11 3 13 17 
0 0 1 0 0 0 0 1 0 1 0 1 
7 2 6 16 
0 0 1 0 0 0 0 1 0 1 1 0 
10 8 13 17 
0 0 1 0 0 0 0 1 1 0 0 1 
9 0 17 
0 0 1 0 0 0 0 1 1 0 1 0 
3 0 13 17 
0 0 1 0 0 0 0 1 1 1 0 0 
3 13 17 
0 0 1 0 0 0 0 1 1 1 1 1 
17 16 1 16 
0 0 1 0 0 0 1 0 0 0 0 0 
4 12 16 
0 0 1 0 0 0 1 0 0 0 1 1 
11 9 13 17 
0 0 1 0 0 0 1 0 0 1 0 1 
7 6 14 16 
0 0 1 0 0 0 1 0 0 1 1 0 
5 9 13 17 
0 0 1 0 0 0 1 0 1 0 0 1 
0 9 17 
0 0 1 0 0 0 1 0 1 0 1 0 
15 0 13 17 
0 0 1 0 0 0 1 0 1 1 0 0 
9 13 17 
0 0 1 0 0 0 1 0 1 1 1 1 
4 17 12 16 
0 0 1 0 0 0 1 1 0 0 0 1 
7 2 12 16 
0 0 1 0 0 0 1 1 0 0 1 0 
1 11 8 12 16 
0 0 1 0 0 0 1 1 0 1 0 0 
1 6 14 16 
0 0 1 0 0 0 1 1 0 1 1 1 
17 7 2 12 16 
0 0 1 0 0 0 1 1 1 0 0 0 
1 8 12 16 
0 0 1 0 0 0 1 1 1 0 1 1 
17 1 8 12 16 
0 0 1 0 0 0 1 1 1 1 0 1 
4 15 17 12 16 
0 0 1 0 0 0 1 1 1 1 1 0 
13 4 17 12 16 
0 0 1 0 0 1 0 0 0 0 0 0 
16 13 16 
0 0 1 0 0 1 0 0 0 0 1 1 
10 8 12 17 
0 0 1 0 0 1 0 0 0 1 0 1 
9 14 17 
0 0 1 0 0 1 0 0 0 1 1 0 
1 10 8 17 
0 0 1 0 0 1 0 0 1 0 0 1 
8 0 7 16 
0 0 1 0 0 1 0 0 1 0 1 0 
10 14 1 12 17 
0 0 1 0 0 1 0 0 1 1 0 0 
1 9 17 
0 0 1 0 0 1 0 0 1 1 1 1 
17 16 13 16 
0 0 1 0 0 1 0 1 0 0 0 1 
9 0 14 17 
0 0 1 0 0 1 0 1 0 0 1 0 
10 9 13 12 16 
0 0 1 0 0 1 0 1 0 1 0 0 
2 1 6 16 
0 0 1 0 0 1 0 1 0 1 1 1 
5 2 1 6 16 
0 0 1 0 0 1 0 1 1 0 0 0 
8 1 0 16 
0 0 1 0 0 1 0 1 1 0 1 1 
11 16 13 17 16 
0 0 1 0 0 1 0 1 1 1 0 1 
17 2 1 6 16 
0 0 1 0 0 1 0 1 1 1 1 0 
16 13 17 16 
0 0 1 0 0 1 1 0 0 0 0 1 
2 7 12 16 
0 0 1 0 0 1 1 0 0 0 1 0 
11 2 13 12 16 
0 0 1 0 0 1 1 0 0 1 0 0 
6 13 14 16 
0 0 1 0 0 1 1 0 0 1 1 1 
14 4 17 12 16 
0 0 1 0 0 1 1 0 1 0 0 0 
2 13 12 16 
0 0 1 0 0 1 1 0 1 0 1 1 
17 2 13 12 16 
0 0 1 0 0 1 1 0 1 1 0 1 
5 2 7 12 16 
0 0 1 0 0 1 1 0 1 1 1 0 
5 2 13 12 16 
0 0 1 0 0 1 1 1 0 0 0 0 
2 1 12 16 
0 0 1 0 0 1 1 1 0 0 1 1 
13 14 17 8 12 16 
0 0 1 0 0 1 1 1 0 1 0 1 
14 4 15 17 12 16 
0 0 1 0 0 1 1 1 0 1 1 0 
13 5 6 14 16 
0 0 1 0 0 1 1 1 1 0 0 1 
15 17 2 13 12 16 
0 0 1 0 0 1 1 1 1 0 1 0 
13 17 8 12 16 
0 0 1 0 0 1 1 1 1 1 0 0 
13 17 6 14 16 
0 0 1 0 0 1 1 1 1 1 1 1 
17 2 1 12 16 
0 0 1 0 1 0 0 0 0 0 0 0 
4 0 16 
0 0 1 0 1 0 0 0 0 0 1 1 
17 9 12 17 
0 0 1 0 1 0 0 0 0 1 0 1 
2 9 17 
0 0 1 0 1 0 0 0 0 1 1 0 
11 9 12 17 
0 0 1 0 1 0 0 0 1 0 0 1 
9 12 17 
0 0 1 0 1 0 0 0 1 0 1 0 
15 13 15 12 17 
0 0 1 0 1 0 0 0 1 1 0 0 
8 6 13 16 
0 0 1 0 1 0 0 0 1 1 1 1 
4 17 0 16 
0 0 1 0 1 0 0 1 0 0 0 1 
0 7 2 16 
0 0 1 0 1 0 0 1 0 0 1 0 
15 1 14 12 16 
0 0 1 0 1 0 0 1 0 1 0 0 
1 0 14 16 
0 0 1 0 1 0 0 1 0 1 1 1 
5 1 0 14 16 
0 0 1 0 1 0 0 1 1 0 0 0 
1 0 8 16 
0 0 1 0 1 0 0 1 1 0 1 1 
4 9 12 17 16 
0 0 1 0 1 0 0 1 1 1 0 1 
17 1 0 14 16 
0 0 1 0 1 0 0 1 1 1 1 0 
2 16 13 17 16 
0 0 1 0 1 0 1 0 0 0 0 1 
7 14 12 16 
0 0 1 0 1 0 1 0 0 0 1 0 
11 8 13 12 16 
0 0 1 0 1 0 1 0 0 1 0 0 
2 9 13 17 
0 0 1 0 1 0 1 0 0 1 1 1 
17 7 14 12 16 
0 0 1 0 1 0 1 0 1 0 0 0 
8 13 12 16 
0 0 1 0 1 0 1 0 1 0 1 1 
4 12 17 16 
0 0 1 0 1 0 1 0 1 1 0 1 
5 7 14 12 16 
0 0 1 0 1 0 1 0 1 1 1 0 
5 8 13 12 16 
0 0 1 0 1 0 1 1 0 0 0 0 
1 14 12 16 
0 0 1 0 1 0 1 1 0 0 1 1 
12 17 7 2 16 
0 0 1 0 1 0 1 1 0 1 0 1 
15 17 7 14 12 16 
0 0 1 0 1 0 1 1 0 1 1 0 
13 17 7 14 12 16 
0 0 1 0 1 0 1 1 1 0 0 1 
4 15 12 17 16 
0 0 1 0 1 0 1 1 1 0 1 0 
13 4 12 17 16 
0 0 1 0 1 0 1 1 1 1 0 0 
15 5 8 13 12 16 
0 0 1 0 1 0 1 1 1 1 1 1 
17 1 14 12 16 
0 0 1 0 1 1 0 0 0 0 0 1 
0 2 7 16 
0 0 1 0 1 1 0 0 0 0 1 0 
0 16 9 13 16 
0 0 1 0 1 1 0 0 0 1 0 0 
0 13 14 16 
0 0 1 0 1 1 0 0 0 1 1 1 
16 14 17 13 16 
0 0 1 0 1 1 0 0 1 0 0 0 
8 0 13 16 
0 0 1 0 1 1 0 0 1 0 1 1 
12 17 16 13 16 
0 0 1 0 1 1 0 0 1 1 0 1 
2 17 6 13 16 
0 0 1 0 1 1 0 0 1 1 1 0 
5 8 0 13 16 
0 0 1 0 1 1 0 1 0 0 0 0 
0 2 1 16 
0 0 1 0 1 1 0 1 0 0 1 1 
14 5 15 1 12 16 
0 0 1 0 1 1 0 1 0 1 0 1 
13 14 17 6 16 
0 0 1 0 1 1 0 1 0 1 1 0 
13 5 0 14 16 
0 0 1 0 1 1 0 1 1 0 0 1 
17 13 17 0 14 16 
0 0 1 0 1 1 0 1 1 0 1 0 
12 16 13 17 16 
0 0 1 0 1 1 0 1 1 1 0 0 
13 17 0 14 16 
0 0 1 0 1 1 0 1 1 1 1 1 
13 14 17 0 16 
0 0 1 0 1 1 1 0 0 0 0 0 
13 14 12 16 
0 0 1 0 1 1 1 0 0 0 1 1 
4 2 12 17 16 
0 0 1 0 1 1 1 0 0 1 0 1 
14 5 7 12 16 
0 0 1 0 1 1 1 0 0 1 1 0 
1 17 7 14 12 16 
0 0 1 0 1 1 1 0 1 0 0 1 
12 5 2 7 16 
0 0 1 0 1 1 1 0 1 0 1 0 
12 5 2 13 16 
0 0 1 0 1 1 1 0 1 1 0 0 
1 5 7 14 12 16 
0 0 1 0 1 1 1 0 1 1 1 1 
2 17 13 12 16 
0 0 1 0 1 1 1 1 0 0 0 1 
5 13 14 17 12 16 
0 0 1 0 1 1 1 1 0 0 1 0 
5 13 17 14 12 16 
0 0 1 0 1 1 1 1 0 1 0 0 
17 13 14 17 12 16 
0 0 1 0 1 1 1 1 0 1 1 1 
13 14 17 12 16 
0 0 1 0 1 1 1 1 1 0 0 0 
17 13 17 14 12 16 
0 0 1 0 1 1 1 1 1 0 1 1 
13 14 12 17 16 
0 0 1 0 1 1 1 1 1 1 0 1 
2 15 17 13 12 16 
0 0 1 0 1 1 1 1 1 1 1 0 
13 17 14 12 16 
0 0 1 1 0 0 0 0 0 0 0 0 
1 16 13 16 
0 0 1 1 0 0 0 0 0 0 1 1 
11 8 6 16 
0 0 1 1 0 0 0 0 0 1 0 1 
12 11 6 14 16 
0 0 1 1 0 0 0 0 0 1 1 0 
5 8 6 16 
0 0 1 1 0 0 0 0 1 0 0 1 
17 8 6 16 
0 0 1 1 0 0 0 0 1 0 1 0 
2 10 9 13 16 
0 0 1 1 0 0 0 0 1 1 0 0 
8 6 16 
0 0 1 1 0 0 0 0 1 1 1 1 
8 5 6 16 
0 0 1 1 0 0 0 1 0 0 0 1 
10 1 15 16 
0 0 1 1 0 0 0 1 0 0 1 0 
4 9 12 16 
0 0 1 1 0 0 0 1 0 1 0 0 
15 6 14 16 
0 0 1 1 0 0 0 1 0 1 1 1 
5 15 6 14 16 
0 0 1 1 0 0 0 1 1 0 0 0 
8 15 12 16 
0 0 1 1 0 0 0 1 1 0 1 1 
17 8 15 12 16 
0 0 1 1 0 0 0 1 1 1 0 1 
17 15 6 14 16 
0 0 1 1 0 0 0 1 1 1 1 0 
5 8 15 12 16 
0 0 1 1 0 0 1 0 0 0 0 1 
11 6 14 16 
0 0 1 1 0 0 1 0 0 0 1 0 
11 8 12 16 
0 0 1 1 0 0 1 0 0 1 0 0 
6 14 16 
0 0 1 1 0 0 1 0 0 1 1 1 
5 6 14 16 
0 0 1 1 0 0 1 0 1 0 0 0 
8 12 16 
0 0 1 1 0 0 1 0 1 0 1 1 
17 8 12 16 
0 0 1 1 0 0 1 0 1 1 0 1 
17 6 14 16 
0 0 1 1 0 0 1 0 1 1 1 0 
5 8 12 16 
0 0 1 1 0 0 1 1 0 0 0 0 
1 2 12 16 
0 0 1 1 0 0 1 1 0 0 1 1 
7 14 17 8 12 16 
0 0 1 1 0 0 1 1 0 1 0 1 
15 5 6 14 16 
0 0 1 1 0 0 1 1 0 1 1 0 
6 4 9 14 12 16 
0 0 1 1 0 0 1 1 1 0 0 1 
15 17 8 12 16 
0 0 1 1 0 0 1 1 1 0 1 0 
12 16 6 13 17 
0 0 1 1 0 0 1 1 1 1 0 0 
15 5 8 12 16 
0 0 1 1 0 0 1 1 1 1 1 1 
4 3 17 12 16 
0 0 1 1 0 1 0 0 0 0 0 1 
10 7 15 16 
0 0 1 1 0 1 0 0 0 0 1 0 
10 9 13 16 
0 0 1 1 0 1 0 0 0 1 0 0 
2 6 16 
0 0 1 1 0 1 0 0 0 1 1 1 
5 2 6 16 
0 0 1 1 0 1 0 0 1 0 0 0 
8 0 16 
0 0 1 1 0 1 0 0 1 0 1 1 
17 8 0 16 
0 0 1 1 0 1 0 0 1 1 0 1 
17 2 6 16 
0 0 1 1 0 1 0 0 1 1 1 0 
5 8 0 16 
0 0 1 1 0 1 0 1 0 0 0 0 
2 15 12 16 
0 0 1 1 0 1 0 1 0 0 1 1 
14 17 8 15 12 16 
0 0 1 1 0 1 0 1 0 1 0 1 
2 4 3 8 17 
0 0 1 1 0 1 0 1 0 1 1 0 
1 5 2 6 16 
0 0 1 1 0 1 0 1 1 0 0 1 
3 5 2 9 12 16 
0 0 1 1 0 1 0 1 1 0 1 0 
16 13 17 8 16 
0 0 1 1 0 1 0 1 1 1 0 0 
1 17 2 6 16 
0 0 1 1 0 1 0 1 1 1 1 1 
17 2 15 12 16 
0 0 1 1 0 1 1 0 0 0 0 0 
2 12 16 
0 0 1 1 0 1 1 0 0 0 1 1 
14 17 8 12 16 
0 0 1 1 0 1 1 0 0 1 0 1 
14 17 6 14 16 
0 0 1 1 0 1 1 0 0 1 1 0 
14 5 8 12 16 
0 0 1 1 0 1 1 0 1 0 0 1 
0 17 2 6 16 
0 0 1 1 0 1 1 0 1 0 1 0 
8 17 12 17 16 
0 0 1 1 0 1 1 0 1 1 0 0 
7 4 15 17 12 16 
0 0 1 1 0 1 1 0 1 1 1 1 
17 2 12 16 
0 0 1 1 0 1 1 1 0 0 0 1 
2 17 15 17 12 16 
0 0 1 1 0 1 1 1 0 0 1 0 
1 14 17 8 12 16 
0 0 1 1 0 1 1 1 0 1 0 0 
2 5 15 17 12 16 
0 0 1 1 0 1 1 1 0 1 1 1 
0 14 17 15 12 16 
0 0 1 1 0 1 1 1 1 0 0 0 
8 16 1 14 12 16 
0 0 1 1 0 1 1 1 1 0 1 1 
0 17 2 15 12 16 
0 0 1 1 0 1 1 1 1 1 0 1 
15 17 2 12 16 
0 0 1 1 0 1 1 1 1 1 1 0 
1 17 2 12 16 
0 0 1 1 1 0 0 0 0 0 0 1 
16 7 14 16 
0 0 1 1 1 0 0 0 0 0 1 0 
0 11 8 16 
0 0 1 1 1 0 0 0 0 1 0 0 
0 14 16 
0 0 1 1 1 0 0 0 0 1 1 1 
5 0 14 16 
0 0 1 1 1 0 0 0 1 0 0 0 
0 8 16 
0 0 1 1 1 0 0 0 1 0 1 1 
0 17 8 16 
0 0 1 1 1 0 0 0 1 1 0 1 
17 0 14 16 
0 0 1 1 1 0 0 0 1 1 1 0 
5 0 8 16 
0 0 1 1 1 0 0 1 0 0 0 0 
15 14 12 16 
0 0 1 1 1 0 0 1 0 0 1 1 
2 17 8 15 12 16 
0 0 1 1 1 0 0 1 0 1 0 1 
7 14 17 6 16 
0 0 1 1 1 0 0 1 0 1 1 0 
14 4 8 13 17 
0 0 1 1 1 0 0 1 1 0 0 1 
0 16 3 6 17 
0 0 1 1 1 0 0 1 1 0 1 0 
9 12 5 8 16 
0 0 1 1 1 0 0 1 1 1 0 0 
3 17 9 14 12 16 
0 0 1 1 1 0 0 1 1 1 1 1 
17 15 14 12 16 
0 0 1 1 1 0 1 0 0 0 0 0 
14 12 16 
0 0 1 1 1 0 1 0 0 0 1 1 
2 17 8 12 16 
0 0 1 1 1 0 1 0 0 1 0 1 
2 17 6 14 16 
0 0 1 1 1 0 1 0 0 1 1 0 
2 5 8 12 16 
0 0 1 1 1 0 1 0 1 0 0 1 
12 17 12 14 12 16 
0 0 1 1 1 0 1 0 1 0 1 0 
12 5 8 16 
0 0 1 1 1 0 1 0 1 1 0 0 
12 4 7 15 17 
0 0 1 1 1 0 1 0 1 1 1 1 
17 14 12 16 
0 0 1 1 1 0 1 1 0 0 0 1 
17 15 17 14 12 16 
0 0 1 1 1 0 1 1 0 0 1 0 
12 4 7 14 17 
0 0 1 1 1 0 1 1 0 1 0 0 
5 15 17 14 12 16 
0 0 1 1 1 0 1 1 0 1 1 1 
7 14 17 12 16 
0 0 1 1 1 0 1 1 1 0 0 0 
15 12 5 8 16 
0 0 1 1 1 0 1 1 1 0 1 1 
4 12 17 15 16 
0 0 1 1 1 0 1 1 1 1 0 1 
15 17 14 12 16 
0 0 1 1 1 0 1 1 1 1 1 0 
7 2 17 13 12 16 
0 0 1 1 1 1 0 0 0 0 0 0 
0 2 16 
0 0 1 1 1 1 0 0 0 0 1 1 
12 5 2 6 16 
0 0 1 1 1 1 0 0 0 1 0 1 
14 17 6 16 
0 0 1 1 1 1 0 0 0 1 1 0 
12 14 5 8 12 16 
0 0 1 1 1 1 0 0 1 0 0 1 
14 12 17 6 16 
0 0 1 1 1 1 0 0 1 0 1 0 
12 5 8 0 16 
0 0 1 1 1 1 0 0 1 1 0 0 
2 16 1 9 17 
0 0 1 1 1 1 0 0 1 1 1 1 
14 17 0 16 
0 0 1 1 1 1 0 1 0 0 0 1 
14 16 9 0 17 
0 0 1 1 1 1 0 1 0 0 1 0 
0 4 2 9 12 16 
0 0 1 1 1 1 0 1 0 1 0 0 
1 14 17 6 16 
0 0 1 1 1 1 0 1 0 1 1 1 
14 17 15 12 16 
0 0 1 1 1 1 0 1 1 0 0 0 
8 4 0 15 13 16 
0 0 1 1 1 1 0 1 1 0 1 1 
9 14 12 17 16 
0 0 1 1 1 1 0 1 1 1 0 1 
11 14 17 15 12 16 
0 0 1 1 1 1 0 1 1 1 1 0 
16 13 17 14 16 
0 0 1 1 1 1 1 0 0 0 0 1 
5 14 17 12 16 
0 0 1 1 1 1 1 0 0 0 1 0 
17 14 12 17 16 
0 0 1 1 1 1 1 0 0 1 0 0 
17 14 17 12 16 
0 0 1 1 1 1 1 0 0 1 1 1 
14 17 12 16 
0 0 1 1 1 1 1 0 1 0 0 0 
5 14 12 17 16 
0 0 1 1 1 1 1 0 1 0 1 1 
14 12 17 16 
0 0 1 1 1 1 1 0 1 1 0 1 
11 14 17 12 16 
0 0 1 1 1 1 1 0 1 1 1 0 
11 14 12 17 16 
0 0 1 1 1 1 1 1 0 0 0 0 
1 5 14 17 12 16 
0 0 1 1 1 1 1 1 0 0 1 1 
14 0 17 15 12 16 
0 0 1 1 1 1 1 1 0 1 0 1 
15 14 17 12 16 
0 0 1 1 1 1 1 1 0 1 1 0 
1 14 17 12 16 
0 0 1 1 1 1 1 1 1 0 0 1 
15 14 12 17 16 
0 0 1 1 1 1 1 1 1 0 1 0 
1 14 12 17 16 
0 0 1 1 1 1 1 1 1 1 0 0 
13 15 17 14 12 16 
0 0 1 1 1 1 1 1 1 1 1 1 
2 4 3 17 13 12 16 
0 1 0 0 0 0 0 0 0 0 0 1 
1 16 15 16 
0 1 0 0 0 0 0 0 0 0 1 0 
16 9 16 
0 1 0 0 0 0 0 0 0 1 0 0 
4 12 14 12 16 
0 1 0 0 0 0 0 0 0 1 1 1 
12 2 0 17 
0 1 0 0 0 0 0 0 1 0 0 0 
4 8 16 
0 1 0 0 0 0 0 0 1 0 1 1 
6 17 
0 1 0 0 0 0 0 0 1 1 0 1 
12 15 12 17 
0 1 0 0 0 0 0 0 1 1 1 0 
11 6 17 
0 1 0 0 0 0 0 1 0 0 0 0 
16 15 16 
0 1 0 0 0 0 0 1 0 0 1 1 
7 2 9 16 
0 1 0 0 0 0 0 1 0 1 0 1 
10 13 3 14 17 
0 1 0 0 0 0 0 1 0 1 1 0 
10 7 14 17 
0 1 0 0 0 0 0 1 1 0 0 1 
3 6 17 
0 1 0 0 0 0 0 1 1 0 1 0 
6 13 17 
0 1 0 0 0 0 0 1 1 1 0 0 
3 11 6 17 
0 1 0 0 0 0 0 1 1 1 1 1 
17 16 15 16 
0 1 0 0 0 0 1 0 0 0 0 0 
16 3 16 
0 1 0 0 0 0 1 0 0 0 1 1 
6 2 17 
0 1 0 0 0 0 1 0 0 1 0 1 
0 2 15 17 
0 1 0 0 0 0 1 0 0 1 1 0 
11 0 15 17 
0 1 0 0 0 0 1 0 1 0 0 1 
0 15 17 
0 1 0 0 0 0 1 0 1 0 1 0 
9 1 8 16 
0 1 0 0 0 0 1 0 1 1 0 0 
10 7 15 17 
0 1 0 0 0 0 1 0 1 1 1 1 
17 16 3 16 
0 1 0 0 0 0 1 1 0 0 0 1 
7 3 2 16 
0 1 0 0 0 0 1 1 0 0 1 0 
6 2 13 17 
0 1 0 0 0 0 1 1 0 1 0 0 
10 6 15 14 16 
0 1 0 0 0 0 1 1 0 1 1 1 
11 16 15 17 16 
0 1 0 0 0 0 1 1 1 0 0 0 
1 3 8 16 
0 1 0 0 0 0 1 1 1 0 1 1 
15 17 1 8 16 
0 1 0 0 0 0 1 1 1 1 0 1 
16 15 17 16 
0 1 0 0 0 0 1 1 1 1 1 0 
15 5 1 8 16 
0 1 0 0 0 1 0 0 0 0 0 0 
4 2 16 
0 1 0 0 0 1 0 0 0 0 1 1 
6 14 17 
0 1 0 0 0 1 0 0 0 1 0 1 
14 12 15 12 17 
0 1 0 0 0 1 0 0 0 1 1 0 
17 6 14 17 
0 1 0 0 0 1 0 0 1 0 0 1 
2 7 15 16 
0 1 0 0 0 1 0 0 1 0 1 0 
1 6 17 
0 1 0 0 0 1 0 0 1 1 0 0 
11 6 14 17 
0 1 0 0 0 1 0 0 1 1 1 1 
4 17 2 16 
0 1 0 0 0 1 0 1 0 0 0 1 
2 1 15 16 
0 1 0 0 0 1 0 1 0 0 1 0 
2 1 9 16 
0 1 0 0 0 1 0 1 0 1 0 0 
2 16 6 15 16 
0 1 0 0 0 1 0 1 0 1 1 1 
14 17 16 15 16 
0 1 0 0 0 1 0 1 1 0 0 0 
2 15 13 16 
0 1 0 0 0 1 0 1 1 0 1 1 
17 2 15 13 16 
0 1 0 0 0 1 0 1 1 1 0 1 
5 2 1 15 16 
0 1 0 0 0 1 0 1 1 1 1 0 
5 2 15 13 16 
0 1 0 0 0 1 1 0 0 0 0 1 
3 2 7 16 
0 1 0 0 0 1 1 0 0 0 1 0 
2 9 1 16 
0 1 0 0 0 1 1 0 0 1 0 0 
12 3 13 14 16 
0 1 0 0 0 1 1 0 0 1 1 1 
4 6 14 17 16 
0 1 0 0 0 1 1 0 1 0 0 0 
3 2 13 16 
0 1 0 0 0 1 1 0 1 0 1 1 
17 3 2 13 16 
0 1 0 0 0 1 1 0 1 1 0 1 
1 16 15 17 16 
0 1 0 0 0 1 1 0 1 1 1 0 
5 3 2 13 16 
0 1 0 0 0 1 1 1 0 0 0 0 
2 1 3 16 
0 1 0 0 0 1 1 1 0 0 1 1 
17 15 17 2 13 16 
0 1 0 0 0 1 1 1 0 1 0 1 
14 16 15 17 16 
0 1 0 0 0 1 1 1 0 1 1 0 
11 15 17 2 13 16 
0 1 0 0 0 1 1 1 1 0 0 1 
15 17 2 13 16 
0 1 0 0 0 1 1 1 1 0 1 0 
15 13 17 8 16 
0 1 0 0 0 1 1 1 1 1 0 0 
15 5 2 13 16 
0 1 0 0 0 1 1 1 1 1 1 1 
15 17 2 1 16 
0 1 0 0 1 0 0 0 0 0 0 0 
4 14 16 
0 1 0 0 1 0 0 0 0 0 1 1 
2 6 17 
0 1 0 0 1 0 0 0 0 1 0 1 
12 2 15 17 
0 1 0 0 1 0 0 0 0 1 1 0 
11 6 15 17 
0 1 0 0 1 0 0 0 1 0 0 1 
6 15 17 
0 1 0 0 1 0 0 0 1 0 1 0 
9 8 13 16 
0 1 0 0 1 0 0 0 1 1 0 0 
5 6 15 17 
0 1 0 0 1 0 0 0 1 1 1 1 
4 17 14 16 
0 1 0 0 1 0 0 1 0 0 0 1 
1 15 14 16 
0 1 0 0 1 0 0 1 0 0 1 0 
1 9 14 16 
0 1 0 0 1 0 0 1 0 1 0 0 
10 0 15 14 16 
0 1 0 0 1 0 0 1 0 1 1 1 
17 1 15 14 16 
0 1 0 0 1 0 0 1 1 0 0 0 
8 15 13 16 
0 1 0 0 1 0 0 1 1 0 1 1 
17 8 15 13 16 
0 1 0 0 1 0 0 1 1 1 0 1 
5 1 15 14 16 
0 1 0 0 1 0 0 1 1 1 1 0 
5 8 15 13 16 
0 1 0 0 1 0 1 0 0 0 0 1 
3 7 14 16 
0 1 0 0 1 0 1 0 0 0 1 0 
9 1 14 16 
0 1 0 0 1 0 1 0 0 1 0 0 
14 10 6 14 16 
0 1 0 0 1 0 1 0 0 1 1 1 
17 3 7 14 16 
0 1 0 0 1 0 1 0 1 0 0 0 
3 8 13 16 
0 1 0 0 1 0 1 0 1 0 1 1 
17 3 8 13 16 
0 1 0 0 1 0 1 0 1 1 0 1 
15 4 17 14 16 
0 1 0 0 1 0 1 0 1 1 1 0 
5 3 8 13 16 
0 1 0 0 1 0 1 1 0 0 0 0 
1 3 14 16 
0 1 0 0 1 0 1 1 0 0 1 1 
17 15 17 8 13 16 
0 1 0 0 1 0 1 1 0 1 0 1 
15 17 7 14 16 
0 1 0 0 1 0 1 1 0 1 1 0 
11 15 17 8 13 16 
0 1 0 0 1 0 1 1 1 0 0 1 
15 17 8 13 16 
0 1 0 0 1 0 1 1 1 0 1 0 
12 5 8 15 13 16 
0 1 0 0 1 0 1 1 1 1 0 0 
15 5 8 13 16 
0 1 0 0 1 0 1 1 1 1 1 1 
15 17 1 14 16 
0 1 0 0 1 1 0 0 0 0 0 1 
7 15 14 16 
0 1 0 0 1 1 0 0 0 0 1 0 
9 13 14 16 
0 1 0 0 1 1 0 0 0 1 0 0 
0 3 13 14 16 
0 1 0 0 1 1 0 0 0 1 1 1 
4 14 17 16 
0 1 0 0 1 1 0 0 1 0 0 0 
1 6 15 17 
0 1 0 0 1 1 0 0 1 0 1 1 
2 5 9 13 16 
0 1 0 0 1 1 0 0 1 1 0 1 
5 7 15 14 16 
0 1 0 0 1 1 0 0 1 1 1 0 
2 17 9 13 16 
0 1 0 0 1 1 0 1 0 0 0 0 
15 13 14 16 
0 1 0 0 1 1 0 1 0 0 1 1 
14 5 1 9 16 
0 1 0 0 1 1 0 1 0 1 0 1 
14 5 1 15 16 
0 1 0 0 1 1 0 1 0 1 1 0 
4 1 14 17 16 
0 1 0 0 1 1 0 1 1 0 0 1 
6 15 17 16 13 16 
0 1 0 0 1 1 0 1 1 0 1 0 
13 5 9 14 16 
0 1 0 0 1 1 0 1 1 1 0 0 
3 2 17 9 13 16 
0 1 0 0 1 1 0 1 1 1 1 1 
2 17 15 13 16 
0 1 0 0 1 1 1 0 0 0 0 0 
3 13 14 16 
0 1 0 0 1 1 1 0 0 0 1 1 
4 12 14 17 16 
0 1 0 0 1 1 1 0 0 1 0 1 
15 4 14 17 16 
0 1 0 0 1 1 1 0 0 1 1 0 
14 17 9 1 16 
0 1 0 0 1 1 1 0 1 0 0 1 
1 15 17 8 13 16 
0 1 0 0 1 1 1 0 1 0 1 0 
1 17 3 8 13 16 
0 1 0 0 1 1 1 0 1 1 0 0 
7 15 5 8 13 16 
0 1 0 0 1 1 1 0 1 1 1 1 
2 17 3 13 16 
0 1 0 0 1 1 1 1 0 0 0 1 
17 2 15 17 13 16 
0 1 0 0 1 1 1 1 0 0 1 0 
5 15 13 17 14 16 
0 1 0 0 1 1 1 1 0 1 0 0 
5 2 15 17 13 16 
0 1 0 0 1 1 1 1 0 1 1 1 
15 13 14 17 16 
0 1 0 0 1 1 1 1 1 0 0 0 
15 1 17 8 13 16 
0 1 0 0 1 1 1 1 1 0 1 1 
12 2 17 15 13 16 
0 1 0 0 1 1 1 1 1 1 0 1 
2 15 17 13 16 
0 1 0 0 1 1 1 1 1 1 1 0 
15 13 17 14 16 
0 1 0 1 0 0 0 0 0 0 0 0 
12 16 14 16 
0 1 0 1 0 0 0 0 0 0 1 1 
15 1 2 15 16 
0 1 0 1 0 0 0 0 0 1 0 1 
12 3 16 7 14 16 
0 1 0 1 0 0 0 0 0 1 1 0 
9 12 14 12 16 
0 1 0 1 0 0 0 0 1 0 0 1 
8 13 15 13 16 
0 1 0 1 0 0 0 0 1 0 1 0 
9 8 16 
0 1 0 1 0 0 0 0 1 1 0 0 
14 0 3 14 16 
0 1 0 1 0 0 0 0 1 1 1 1 
17 12 16 14 16 
0 1 0 1 0 0 0 1 0 0 0 1 
1 2 15 16 
0 1 0 1 0 0 0 1 0 0 1 0 
9 12 14 16 
0 1 0 1 0 0 0 1 0 1 0 0 
15 12 14 12 16 
0 1 0 1 0 0 0 1 0 1 1 1 
17 1 2 15 16 
0 1 0 1 0 0 0 1 1 0 0 0 
8 15 16 
0 1 0 1 0 0 0 1 1 0 1 1 
17 8 15 16 
0 1 0 1 0 0 0 1 1 1 0 1 
5 1 2 15 16 
0 1 0 1 0 0 0 1 1 1 1 0 
5 8 15 16 
0 1 0 1 0 0 1 0 0 0 0 1 
11 12 3 14 16 
0 1 0 1 0 0 1 0 0 0 1 0 
3 12 14 16 
0 1 0 1 0 0 1 0 0 1 0 0 
12 3 14 16 
0 1 0 1 0 0 1 0 0 1 1 1 
5 12 3 14 16 
0 1 0 1 0 0 1 0 1 0 0 0 
3 8 16 
0 1 0 1 0 0 1 0 1 0 1 1 
17 3 8 16 
0 1 0 1 0 0 1 0 1 1 0 1 
17 12 3 14 16 
0 1 0 1 0 0 1 0 1 1 1 0 
5 3 8 16 
0 1 0 1 0 0 1 1 0 0 0 0 
12 15 14 16 
0 1 0 1 0 0 1 1 0 0 1 1 
17 15 17 8 16 
0 1 0 1 0 0 1 1 0 1 0 1 
15 5 12 14 12 16 
0 1 0 1 0 0 1 1 0 1 1 0 
11 15 17 8 16 
0 1 0 1 0 0 1 1 1 0 0 1 
15 17 8 16 
0 1 0 1 0 0 1 1 1 0 1 0 
15 16 6 13 17 
0 1 0 1 0 0 1 1 1 1 0 0 
15 5 8 16 
0 1 0 1 0 0 1 1 1 1 1 1 
3 17 12 14 16 
0 1 0 1 0 1 0 0 0 0 0 1 
13 2 15 16 
0 1 0 1 0 1 0 0 0 0 1 0 
2 9 16 
0 1 0 1 0 1 0 0 0 1 0 0 
8 0 3 14 16 
0 1 0 1 0 1 0 0 0 1 1 1 
17 13 2 15 16 
0 1 0 1 0 1 0 0 1 0 0 0 
8 10 14 16 
0 1 0 1 0 1 0 0 1 0 1 1 
5 2 9 16 
0 1 0 1 0 1 0 0 1 1 0 1 
5 13 2 15 16 
0 1 0 1 0 1 0 0 1 1 1 0 
17 2 9 16 
0 1 0 1 0 1 0 1 0 0 0 0 
2 15 16 
0 1 0 1 0 1 0 1 0 0 1 1 
14 17 8 15 16 
0 1 0 1 0 1 0 1 0 1 0 1 
3 17 13 2 15 16 
0 1 0 1 0 1 0 1 0 1 1 0 
14 5 8 15 16 
0 1 0 1 0 1 0 1 1 0 0 1 
3 5 2 9 16 
0 1 0 1 0 1 0 1 1 0 1 0 
13 17 8 15 16 
0 1 0 1 0 1 0 1 1 1 0 0 
3 17 2 9 16 
0 1 0 1 0 1 0 1 1 1 1 1 
17 2 15 16 
0 1 0 1 0 1 1 0 0 0 0 0 
3 2 16 
0 1 0 1 0 1 1 0 0 0 1 1 
6 16 14 17 16 
0 1 0 1 0 1 1 0 0 1 0 1 
14 17 12 3 14 16 
0 1 0 1 0 1 1 0 0 1 1 0 
14 5 3 8 16 
0 1 0 1 0 1 1 0 1 0 0 1 
7 15 17 8 16 
0 1 0 1 0 1 1 0 1 0 1 0 
8 16 3 14 12 16 
0 1 0 1 0 1 1 0 1 1 0 0 
7 16 15 17 16 
0 1 0 1 0 1 1 0 1 1 1 1 
17 3 2 16 
0 1 0 1 0 1 1 1 0 0 0 1 
2 17 15 17 16 
0 1 0 1 0 1 1 1 0 0 1 0 
6 14 17 9 12 16 
0 1 0 1 0 1 1 1 0 1 0 0 
2 5 15 17 16 
0 1 0 1 0 1 1 1 0 1 1 1 
6 14 17 15 16 
0 1 0 1 0 1 1 1 1 0 0 0 
13 15 17 8 16 
0 1 0 1 0 1 1 1 1 0 1 1 
3 0 17 2 12 16 
0 1 0 1 0 1 1 1 1 1 0 1 
15 17 2 16 
0 1 0 1 0 1 1 1 1 1 1 0 
15 1 17 2 16 
0 1 0 1 1 0 0 0 0 0 0 1 
14 13 15 13 16 
0 1 0 1 1 0 0 0 0 0 1 0 
9 14 16 
0 1 0 1 1 0 0 0 0 1 0 0 
0 3 14 16 
0 1 0 1 1 0 0 0 0 1 1 1 
5 0 3 14 16 
0 1 0 1 1 0 0 0 1 0 0 0 
11 9 14 16 
0 1 0 1 1 0 0 0 1 0 1 1 
5 9 14 16 
0 1 0 1 1 0 0 0 1 1 0 1 
17 0 3 14 16 
0 1 0 1 1 0 0 0 1 1 1 0 
17 9 14 16 
0 1 0 1 1 0 0 1 0 0 0 0 
15 14 16 
0 1 0 1 1 0 0 1 0 0 1 1 
2 17 8 15 16 
0 1 0 1 1 0 0 1 0 1 0 1 
0 17 15 17 14 16 
0 1 0 1 1 0 0 1 0 1 1 0 
2 5 8 15 16 
0 1 0 1 1 0 0 1 1 0 0 1 
3 5 9 14 16 
0 1 0 1 1 0 0 1 1 0 1 0 
14 16 9 14 12 16 
0 1 0 1 1 0 0 1 1 1 0 0 
3 17 9 14 16 
0 1 0 1 1 0 0 1 1 1 1 1 
17 15 14 16 
0 1 0 1 1 0 1 0 0 0 0 0 
3 14 16 
0 1 0 1 1 0 1 0 0 0 1 1 
2 17 3 8 16 
0 1 0 1 1 0 1 0 0 1 0 1 
2 17 12 3 14 16 
0 1 0 1 1 0 1 0 0 1 1 0 
2 5 3 8 16 
0 1 0 1 1 0 1 0 1 0 0 1 
15 5 9 14 16 
0 1 0 1 1 0 1 0 1 0 1 0 
12 17 9 14 16 
0 1 0 1 1 0 1 0 1 1 0 0 
15 17 9 14 16 
0 1 0 1 1 0 1 0 1 1 1 1 
17 3 14 16 
0 1 0 1 1 0 1 1 0 0 0 1 
17 15 17 14 16 
0 1 0 1 1 0 1 1 0 0 1 0 
15 4 9 14 12 16 
0 1 0 1 1 0 1 1 0 1 0 0 
5 15 17 14 16 
0 1 0 1 1 0 1 1 0 1 1 1 
11 15 17 14 16 
0 1 0 1 1 0 1 1 1 0 0 0 
0 15 5 8 16 
0 1 0 1 1 0 1 1 1 0 1 1 
12 17 15 14 16 
0 1 0 1 1 0 1 1 1 1 0 1 
15 17 14 16 
0 1 0 1 1 0 1 1 1 1 1 0 
15 7 2 17 13 16 
0 1 0 1 1 1 0 0 0 0 0 0 
13 15 14 16 
0 1 0 1 1 1 0 0 0 0 1 1 
14 5 9 16 
0 1 0 1 1 1 0 0 0 1 0 1 
14 5 13 15 13 16 
0 1 0 1 1 1 0 0 0 1 1 0 
14 17 9 16 
0 1 0 1 1 1 0 0 1 0 0 1 
11 14 17 9 16 
0 1 0 1 1 1 0 0 1 0 1 0 
14 16 7 12 17 
0 1 0 1 1 1 0 0 1 1 0 0 
17 14 17 9 16 
0 1 0 1 1 1 0 0 1 1 1 1 
17 13 15 14 16 
0 1 0 1 1 1 0 1 0 0 0 1 
5 14 17 15 16 
0 1 0 1 1 1 0 1 0 0 1 0 
1 14 5 9 16 
0 1 0 1 1 1 0 1 0 1 0 0 
17 14 17 15 16 
0 1 0 1 1 1 0 1 0 1 1 1 
14 17 15 16 
0 1 0 1 1 1 0 1 1 0 0 0 
14 4 8 15 13 16 
0 1 0 1 1 1 0 1 1 0 1 1 
14 6 3 17 12 16 
0 1 0 1 1 1 0 1 1 1 0 1 
11 14 17 15 16 
0 1 0 1 1 1 0 1 1 1 1 0 
13 17 15 14 16 
0 1 0 1 1 1 1 0 0 0 0 1 
3 5 14 17 16 
0 1 0 1 1 1 1 0 0 0 1 0 
12 14 17 9 16 
0 1 0 1 1 1 1 0 0 1 0 0 
3 17 14 17 16 
0 1 0 1 1 1 1 0 0 1 1 1 
14 17 3 16 
0 1 0 1 1 1 1 0 1 0 0 0 
7 15 17 8 13 16 
0 1 0 1 1 1 1 0 1 0 1 1 
0 17 3 2 16 
0 1 0 1 1 1 1 0 1 1 0 1 
7 15 17 14 16 
0 1 0 1 1 1 1 0 1 1 1 0 
2 1 17 3 13 16 
0 1 0 1 1 1 1 1 0 0 0 0 
15 16 9 13 14 16 
0 1 0 1 1 1 1 1 0 0 1 1 
12 14 17 15 16 
0 1 0 1 1 1 1 1 0 1 0 1 
15 14 17 16 
0 1 0 1 1 1 1 1 0 1 1 0 
15 1 14 17 16 
0 1 0 1 1 1 1 1 1 0 0 1 
14 0 15 17 16 
0 1 0 1 1 1 1 1 1 0 1 0 
13 12 17 15 14 16 
0 1 0 1 1 1 1 1 1 1 0 0 
13 15 17 14 16 
0 1 0 1 1 1 1 1 1 1 1 1 
14 16 3 17 14 12 16 
0 1 1 0 0 0 0 0 0 0 0 0 
0 4 12 16 
0 1 1 0 0 0 0 0 0 0 1 1 
17 8 7 16 
0 1 1 0 0 0 0 0 0 1 0 1 
7 12 14 12 16 
0 1 1 0 0 0 0 0 0 1 1 0 
10 9 6 16 
0 1 1 0 0 0 0 0 1 0 0 1 
8 7 16 
0 1 1 0 0 0 0 0 1 0 1 0 
14 11 8 13 16 
0 1 1 0 0 0 0 0 1 1 0 0 
4 8 6 16 
0 1 1 0 0 0 0 0 1 1 1 1 
8 17 7 16 
0 1 1 0 0 0 0 1 0 0 0 1 
7 2 16 
0 1 1 0 0 0 0 1 0 0 1 0 
10 9 12 16 
0 1 1 0 0 0 0 1 0 1 0 0 
10 6 15 16 
0 1 1 0 0 0 0 1 0 1 1 1 
17 7 2 16 
0 1 1 0 0 0 0 1 1 0 0 0 
1 8 16 
0 1 1 0 0 0 0 1 1 0 1 1 
17 1 8 16 
0 1 1 0 0 0 0 1 1 1 0 1 
5 7 2 16 
0 1 1 0 0 0 0 1 1 1 1 0 
5 1 8 16 
0 1 1 0 0 0 1 0 0 0 0 1 
7 12 14 16 
0 1 1 0 0 0 1 0 0 0 1 0 
10 3 12 16 
0 1 1 0 0 0 1 0 0 1 0 0 
4 6 14 16 
0 1 1 0 0 0 1 0 0 1 1 1 
17 7 12 14 16 
0 1 1 0 0 0 1 0 1 0 0 0 
4 8 12 16 
0 1 1 0 0 0 1 0 1 0 1 1 
0 4 17 12 16 
0 1 1 0 0 0 1 0 1 1 0 1 
5 7 12 14 16 
0 1 1 0 0 0 1 0 1 1 1 0 
5 4 8 12 16 
0 1 1 0 0 0 1 1 0 0 0 0 
1 12 14 16 
0 1 1 0 0 0 1 1 0 0 1 1 
0 17 7 2 12 16 
0 1 1 0 0 0 1 1 0 1 0 1 
10 15 5 6 16 
0 1 1 0 0 0 1 1 0 1 1 0 
13 17 7 12 14 16 
0 1 1 0 0 0 1 1 1 0 0 1 
3 17 1 8 16 
0 1 1 0 0 0 1 1 1 0 1 0 
1 4 0 7 17 
0 1 1 0 0 0 1 1 1 1 0 0 
3 5 1 8 16 
0 1 1 0 0 0 1 1 1 1 1 1 
10 3 17 12 16 
0 1 1 0 0 1 0 0 0 0 0 1 
2 7 16 
0 1 1 0 0 1 0 0 0 0 1 0 
16 9 13 16 
0 1 1 0 0 1 0 0 0 1 0 0 
2 10 6 16 
0 1 1 0 0 1 0 0 0 1 1 1 
2 17 7 16 
0 1 1 0 0 1 0 0 1 0 0 0 
2 13 16 
0 1 1 0 0 1 0 0 1 0 1 1 
17 2 13 16 
0 1 1 0 0 1 0 0 1 1 0 1 
5 2 7 16 
0 1 1 0 0 1 0 0 1 1 1 0 
5 2 13 16 
0 1 1 0 0 1 0 1 0 0 0 0 
2 1 16 
0 1 1 0 0 1 0 1 0 0 1 1 
13 14 17 8 16 
0 1 1 0 0 1 0 1 0 1 0 1 
14 5 7 2 16 
0 1 1 0 0 1 0 1 0 1 1 0 
2 13 17 7 16 
0 1 1 0 0 1 0 1 1 0 0 1 
1 16 3 6 17 
0 1 1 0 0 1 0 1 1 0 1 0 
13 17 8 16 
0 1 1 0 0 1 0 1 1 1 0 0 
13 17 12 14 12 16 
0 1 1 0 0 1 0 1 1 1 1 1 
17 2 1 16 
0 1 1 0 0 1 1 0 0 0 0 0 
2 10 12 16 
0 1 1 0 0 1 1 0 0 0 1 1 
2 16 0 8 17 
0 1 1 0 0 1 1 0 0 1 0 1 
6 14 5 7 16 
0 1 1 0 0 1 1 0 0 1 1 0 
14 5 4 8 12 16 
0 1 1 0 0 1 1 0 1 0 0 1 
8 4 7 14 12 16 
0 1 1 0 0 1 1 0 1 0 1 0 
9 13 17 8 16 
0 1 1 0 0 1 1 0 1 1 0 0 
13 4 7 15 17 
0 1 1 0 0 1 1 0 1 1 1 1 
17 2 10 12 16 
0 1 1 0 0 1 1 1 0 0 0 1 
2 4 7 2 12 16 
0 1 1 0 0 1 1 1 0 0 1 0 
13 16 6 2 17 
0 1 1 0 0 1 1 1 0 1 0 0 
5 16 15 17 13 16 
0 1 1 0 0 1 1 1 0 1 1 1 
6 13 14 17 16 
0 1 1 0 0 1 1 1 1 0 0 0 
3 13 17 8 16 
0 1 1 0 0 1 1 1 1 0 1 1 
0 17 2 1 12 16 
0 1 1 0 0 1 1 1 1 1 0 1 
16 15 17 13 16 
0 1 1 0 0 1 1 1 1 1 1 0 
13 17 12 14 16 
0 1 1 0 1 0 0 0 0 0 0 1 
7 14 16 
0 1 1 0 1 0 0 0 0 0 1 0 
11 8 13 16 
0 1 1 0 1 0 0 0 0 1 0 0 
11 7 14 16 
0 1 1 0 1 0 0 0 0 1 1 1 
17 7 14 16 
0 1 1 0 1 0 0 0 1 0 0 0 
8 13 16 
0 1 1 0 1 0 0 0 1 0 1 1 
17 8 13 16 
0 1 1 0 1 0 0 0 1 1 0 1 
5 7 14 16 
0 1 1 0 1 0 0 0 1 1 1 0 
5 8 13 16 
0 1 1 0 1 0 0 1 0 0 0 0 
1 14 16 
0 1 1 0 1 0 0 1 0 0 1 1 
2 17 1 8 16 
0 1 1 0 1 0 0 1 0 1 0 1 
7 17 14 17 16 
0 1 1 0 1 0 0 1 0 1 1 0 
13 17 7 14 16 
0 1 1 0 1 0 0 1 1 0 0 1 
6 4 15 17 12 16 
0 1 1 0 1 0 0 1 1 0 1 0 
13 17 8 13 16 
0 1 1 0 1 0 0 1 1 1 0 0 
13 5 7 14 16 
0 1 1 0 1 0 0 1 1 1 1 1 
17 1 14 16 
0 1 1 0 1 0 1 0 0 0 0 0 
4 14 12 16 
0 1 1 0 1 0 1 0 0 0 1 1 
12 17 7 14 16 
0 1 1 0 1 0 1 0 0 1 0 1 
14 16 8 15 17 
0 1 1 0 1 0 1 0 0 1 1 0 
2 5 4 8 12 16 
0 1 1 0 1 0 1 0 1 0 0 1 
12 5 7 14 16 
0 1 1 0 1 0 1 0 1 0 1 0 
12 5 8 13 16 
0 1 1 0 1 0 1 0 1 1 0 0 
9 5 8 15 13 16 
0 1 1 0 1 0 1 0 1 1 1 1 
4 17 14 12 16 
0 1 1 0 1 0 1 1 0 0 0 1 
14 4 7 2 12 16 
0 1 1 0 1 0 1 1 0 0 1 0 
1 4 3 14 12 16 
0 1 1 0 1 0 1 1 0 1 0 0 
14 4 1 6 14 16 
0 1 1 0 1 0 1 1 0 1 1 1 
4 7 14 17 12 16 
0 1 1 0 1 0 1 1 1 0 0 0 
14 4 1 14 12 16 
0 1 1 0 1 0 1 1 1 0 1 1 
12 17 1 14 16 
0 1 1 0 1 0 1 1 1 1 0 1 
3 17 1 14 16 
0 1 1 0 1 0 1 1 1 1 1 0 
13 4 17 14 12 16 
0 1 1 0 1 1 0 0 0 0 0 0 
13 14 16 
0 1 1 0 1 1 0 0 0 0 1 1 
7 4 9 14 12 16 
0 1 1 0 1 1 0 0 0 1 0 1 
14 5 7 16 
0 1 1 0 1 1 0 0 0 1 1 0 
1 17 7 14 16 
0 1 1 0 1 1 0 0 1 0 0 1 
14 4 9 12 17 
0 1 1 0 1 1 0 0 1 0 1 0 
1 17 8 13 16 
0 1 1 0 1 1 0 0 1 1 0 0 
1 5 7 14 16 
0 1 1 0 1 1 0 0 1 1 1 1 
2 17 13 16 
0 1 1 0 1 1 0 1 0 0 0 1 
5 13 14 17 16 
0 1 1 0 1 1 0 1 0 0 1 0 
5 13 17 14 16 
0 1 1 0 1 1 0 1 0 1 0 0 
17 13 14 17 16 
0 1 1 0 1 1 0 1 0 1 1 1 
13 14 17 16 
0 1 1 0 1 1 0 1 1 0 0 0 
17 13 17 14 16 
0 1 1 0 1 1 0 1 1 0 1 1 
11 13 17 14 16 
0 1 1 0 1 1 0 1 1 1 0 1 
11 13 14 17 16 
0 1 1 0 1 1 0 1 1 1 1 0 
13 17 14 16 
0 1 1 0 1 1 1 0 0 0 0 1 
12 14 5 7 16 
0 1 1 0 1 1 1 0 0 0 1 0 
13 4 3 14 12 16 
0 1 1 0 1 1 1 0 0 1 0 0 
14 4 9 13 17 
0 1 1 0 1 1 1 0 0 1 1 1 
4 14 17 12 16 
0 1 1 0 1 1 1 0 1 0 0 0 
14 4 8 13 12 16 
0 1 1 0 1 1 1 0 1 0 1 1 
12 2 17 13 16 
0 1 1 0 1 1 1 0 1 1 0 1 
4 11 14 17 12 16 
0 1 1 0 1 1 1 0 1 1 1 0 
9 13 17 14 16 
0 1 1 0 1 1 1 1 0 0 0 0 
14 4 1 8 12 16 
0 1 1 0 1 1 1 1 0 0 1 1 
13 12 14 17 16 
0 1 1 0 1 1 1 1 0 1 0 1 
3 13 14 17 16 
0 1 1 0 1 1 1 1 0 1 1 0 
4 1 14 17 12 16 
0 1 1 0 1 1 1 1 1 0 0 1 
0 16 15 17 13 16 
0 1 1 0 1 1 1 1 1 0 1 0 
13 12 17 14 16 
0 1 1 0 1 1 1 1 1 1 0 0 
3 13 17 14 16 
0 1 1 0 1 1 1 1 1 1 1 1 
2 16 3 17 13 12 16 
0 1 1 1 0 0 0 0 0 0 0 1 
13 2 1 16 
0 1 1 1 0 0 0 0 0 0 1 0 
11 8 16 
0 1 1 1 0 0 0 0 0 1 0 0 
12 14 12 16 
0 1 1 1 0 0 0 0 0 1 1 1 
5 12 14 12 16 
0 1 1 1 0 0 0 0 1 0 0 0 
8 16 
0 1 1 1 0 0 0 0 1 0 1 1 
17 8 16 
0 1 1 1 0 0 0 0 1 1 0 1 
17 12 14 12 16 
0 1 1 1 0 0 0 0 1 1 1 0 
5 8 16 
0 1 1 1 0 0 0 1 0 0 0 0 
10 15 16 
0 1 1 1 0 0 0 1 0 0 1 1 
7 14 17 8 16 
0 1 1 1 0 0 0 1 0 1 0 1 
4 13 3 14 17 
0 1 1 1 0 0 0 1 0 1 1 0 
4 7 14 17 
0 1 1 1 0 0 0 1 1 0 0 1 
16 3 6 17 
0 1 1 1 0 0 0 1 1 0 1 0 
16 6 13 17 
0 1 1 1 0 0 0 1 1 1 0 0 
4 3 7 17 
0 1 1 1 0 0 0 1 1 1 1 1 
10 17 15 16 
0 1 1 1 0 0 1 0 0 0 0 0 
12 14 16 
0 1 1 1 0 0 1 0 0 0 1 1 
16 6 2 17 
0 1 1 1 0 0 1 0 0 1 0 1 
16 0 2 15 17 
0 1 1 1 0 0 1 0 0 1 1 0 
4 3 6 14 16 
0 1 1 1 0 0 1 0 1 0 0 1 
16 0 15 17 
0 1 1 1 0 0 1 0 1 0 1 0 
4 0 7 17 
0 1 1 1 0 0 1 0 1 1 0 0 
4 7 15 17 
0 1 1 1 0 0 1 0 1 1 1 1 
17 12 14 16 
0 1 1 1 0 0 1 1 0 0 0 1 
10 17 15 17 16 
0 1 1 1 0 0 1 1 0 0 1 0 
16 6 2 13 17 
0 1 1 1 0 0 1 1 0 1 0 0 
4 6 15 14 16 
0 1 1 1 0 0 1 1 0 1 1 1 
7 6 14 17 16 
0 1 1 1 0 0 1 1 1 0 0 0 
4 8 12 15 16 
0 1 1 1 0 0 1 1 1 0 1 1 
10 3 16 0 17 
0 1 1 1 0 0 1 1 1 1 0 1 
10 15 17 16 
0 1 1 1 0 0 1 1 1 1 1 0 
10 15 16 13 17 
0 1 1 1 0 1 0 0 0 0 0 0 
2 16 
0 1 1 1 0 1 0 0 0 0 1 1 
14 17 8 16 
0 1 1 1 0 1 0 0 0 1 0 1 
4 1 3 14 17 
0 1 1 1 0 1 0 0 0 1 1 0 
14 5 8 16 
0 1 1 1 0 1 0 0 1 0 0 1 
16 2 7 15 16 
0 1 1 1 0 1 0 0 1 0 1 0 
16 1 6 17 
0 1 1 1 0 1 0 0 1 1 0 0 
4 7 3 17 
0 1 1 1 0 1 0 0 1 1 1 1 
17 2 16 
0 1 1 1 0 1 0 1 0 0 0 1 
16 2 1 15 16 
0 1 1 1 0 1 0 1 0 0 1 0 
4 2 9 12 16 
0 1 1 1 0 1 0 1 0 1 0 0 
4 2 6 15 16 
0 1 1 1 0 1 0 1 0 1 1 1 
14 10 17 15 16 
0 1 1 1 0 1 0 1 1 0 0 0 
16 2 15 13 16 
0 1 1 1 0 1 0 1 1 0 1 1 
11 1 17 2 16 
0 1 1 1 0 1 0 1 1 1 0 1 
3 17 2 15 16 
0 1 1 1 0 1 0 1 1 1 1 0 
1 17 2 16 
0 1 1 1 0 1 1 0 0 0 0 1 
5 6 14 17 16 
0 1 1 1 0 1 1 0 0 0 1 0 
4 3 2 12 16 
0 1 1 1 0 1 1 0 0 1 0 0 
6 17 14 17 16 
0 1 1 1 0 1 1 0 0 1 1 1 
6 14 17 16 
0 1 1 1 0 1 1 0 1 0 0 0 
16 3 2 13 16 
0 1 1 1 0 1 1 0 1 0 1 1 
0 17 2 12 16 
0 1 1 1 0 1 1 0 1 1 0 1 
9 17 2 15 16 
0 1 1 1 0 1 1 0 1 1 1 0 
9 1 17 2 16 
0 1 1 1 0 1 1 1 0 0 0 0 
4 2 12 15 16 
0 1 1 1 0 1 1 1 0 0 1 1 
6 14 17 15 12 16 
0 1 1 1 0 1 1 1 0 1 0 1 
15 6 14 17 16 
0 1 1 1 0 1 1 1 0 1 1 0 
1 6 14 17 16 
0 1 1 1 0 1 1 1 1 0 0 1 
0 15 17 2 12 16 
0 1 1 1 0 1 1 1 1 0 1 0 
1 0 17 2 12 16 
0 1 1 1 0 1 1 1 1 1 0 0 
10 13 15 17 16 
0 1 1 1 0 1 1 1 1 1 1 1 
4 3 17 2 12 16 
0 1 1 1 1 0 0 0 0 0 0 0 
14 16 
0 1 1 1 1 0 0 0 0 0 1 1 
2 17 8 16 
0 1 1 1 1 0 0 0 0 1 0 1 
16 12 2 15 17 
0 1 1 1 1 0 0 0 0 1 1 0 
2 5 8 16 
0 1 1 1 1 0 0 0 1 0 0 1 
16 6 15 17 
0 1 1 1 1 0 0 0 1 0 1 0 
4 7 12 17 
0 1 1 1 1 0 0 0 1 1 0 0 
7 5 7 14 16 
0 1 1 1 1 0 0 0 1 1 1 1 
17 14 16 
0 1 1 1 1 0 0 1 0 0 0 1 
16 1 15 14 16 
0 1 1 1 1 0 0 1 0 0 1 0 
4 9 14 12 16 
0 1 1 1 1 0 0 1 0 1 0 0 
4 0 15 14 16 
0 1 1 1 1 0 0 1 0 1 1 1 
7 14 17 16 
0 1 1 1 1 0 0 1 1 0 0 0 
16 8 15 13 16 
0 1 1 1 1 0 0 1 1 0 1 1 
9 12 17 14 16 
0 1 1 1 1 0 0 1 1 1 0 1 
3 17 15 14 16 
0 1 1 1 1 0 0 1 1 1 1 0 
7 2 17 13 16 
0 1 1 1 1 0 1 0 0 0 0 1 
16 3 7 14 16 
0 1 1 1 1 0 1 0 0 0 1 0 
4 3 14 12 16 
0 1 1 1 1 0 1 0 0 1 0 0 
4 3 0 14 16 
0 1 1 1 1 0 1 0 0 1 1 1 
2 17 12 14 16 
0 1 1 1 1 0 1 0 1 0 0 0 
16 3 8 13 16 
0 1 1 1 1 0 1 0 1 0 1 1 
12 17 14 16 
0 1 1 1 1 0 1 0 1 1 0 1 
9 17 15 14 16 
0 1 1 1 1 0 1 0 1 1 1 0 
11 12 17 14 16 
0 1 1 1 1 0 1 1 0 0 0 0 
16 1 3 14 16 
0 1 1 1 1 0 1 1 0 0 1 1 
7 12 14 17 16 
0 1 1 1 1 0 1 1 0 1 0 1 
3 7 14 17 16 
0 1 1 1 1 0 1 1 0 1 1 0 
7 4 14 17 12 16 
0 1 1 1 1 0 1 1 1 0 0 1 
15 12 17 14 16 
0 1 1 1 1 0 1 1 1 0 1 0 
7 12 2 17 13 16 
0 1 1 1 1 0 1 1 1 1 0 0 
3 7 2 17 13 16 
0 1 1 1 1 0 1 1 1 1 1 1 
4 3 17 14 12 16 
0 1 1 1 1 1 0 0 0 0 0 1 
5 14 17 16 
0 1 1 1 1 1 0 0 0 0 1 0 
16 9 13 14 16 
0 1 1 1 1 1 0 0 0 1 0 0 
17 14 17 16 
0 1 1 1 1 1 0 0 0 1 1 1 
14 17 16 
0 1 1 1 1 1 0 0 1 0 0 0 
5 14 16 12 17 
0 1 1 1 1 1 0 0 1 0 1 1 
14 16 12 17 
0 1 1 1 1 1 0 0 1 1 0 1 
11 14 17 16 
0 1 1 1 1 1 0 0 1 1 1 0 
2 16 1 17 
0 1 1 1 1 1 0 1 0 0 0 0 
16 15 13 14 16 
0 1 1 1 1 1 0 1 0 0 1 1 
9 12 14 17 16 
0 1 1 1 1 1 0 1 0 1 0 1 
14 16 3 17 
0 1 1 1 1 1 0 1 0 1 1 0 
1 14 17 16 
0 1 1 1 1 1 0 1 1 0 0 1 
11 1 14 17 16 
0 1 1 1 1 1 0 1 1 0 1 0 
14 16 13 12 17 
0 1 1 1 1 1 0 1 1 1 0 0 
1 11 14 17 16 
0 1 1 1 1 1 0 1 1 1 1 1 
16 2 17 15 13 16 
0 1 1 1 1 1 1 0 0 0 0 0 
16 3 13 14 16 
0 1 1 1 1 1 1 0 0 0 1 1 
12 14 17 16 
0 1 1 1 1 1 1 0 0 1 0 1 
14 16 15 17 
0 1 1 1 1 1 1 0 0 1 1 0 
17 12 14 17 16 
0 1 1 1 1 1 1 0 1 0 0 1 
5 12 14 17 16 
0 1 1 1 1 1 1 0 1 0 1 0 
2 16 1 0 17 
0 1 1 1 1 1 1 0 1 1 0 0 
11 12 14 17 16 
0 1 1 1 1 1 1 0 1 1 1 1 
16 2 17 3 13 16 
0 1 1 1 1 1 1 1 0 0 0 1 
15 12 14 17 16 
0 1 1 1 1 1 1 1 0 0 1 0 
1 12 14 17 16 
0 1 1 1 1 1 1 1 0 1 0 0 
3 1 14 17 16 
0 1 1 1 1 1 1 1 0 1 1 1 
4 3 14 17 12 16 
0 1 1 1 1 1 1 1 1 0 0 0 
13 15 12 17 14 16 
0 1 1 1 1 1 1 1 1 0 1 1 
4 14 12 17 15 16 
0 1 1 1 1 1 1 1 1 1 0 1 
16 2 15 17 13 16 
0 1 1 1 1 1 1 1 1 1 1 0 
16 15 13 17 14 16 
1 0 0 0 0 0 0 0 0 0 0 1 
4 7 16 
1 0 0 0 0 0 0 0 0 0 1 0 
3 16 12 16 
1 0 0 0 0 0 0 0 0 1 0 0 
16 6 16 
1 0 0 0 0 0 0 0 0 1 1 1 
8 17 
1 0 0 0 0 0 0 0 1 0 0 0 
11 3 16 12 16 
1 0 0 0 0 0 0 0 1 0 1 1 
14 12 14 17 
1 0 0 0 0 0 0 0 1 1 0 1 
11 8 17 
1 0 0 0 0 0 0 0 1 1 1 0 
14 1 2 17 
1 0 0 0 0 0 0 1 0 0 0 0 
4 1 16 
1 0 0 0 0 0 0 1 0 0 1 1 
9 7 12 16 
1 0 0 0 0 0 0 1 0 1 0 1 
3 8 17 
1 0 0 0 0 0 0 1 0 1 1 0 
8 13 17 
1 0 0 0 0 0 0 1 1 0 0 1 
11 8 13 17 
1 0 0 0 0 0 0 1 1 0 1 0 
7 14 1 12 17 
1 0 0 0 0 0 0 1 1 1 0 0 
17 8 13 17 
1 0 0 0 0 0 0 1 1 1 1 1 
4 17 1 16 
1 0 0 0 0 0 1 0 0 0 0 0 
16 12 16 
1 0 0 0 0 0 1 0 0 0 1 1 
0 8 17 
1 0 0 0 0 0 1 0 0 1 0 1 
8 15 17 
1 0 0 0 0 0 1 0 0 1 1 0 
9 1 6 16 
1 0 0 0 0 0 1 0 1 0 0 1 
0 11 8 17 
1 0 0 0 0 0 1 0 1 0 1 0 
6 2 1 12 17 
1 0 0 0 0 0 1 0 1 1 0 0 
10 9 13 17 
1 0 0 0 0 0 1 0 1 1 1 1 
17 16 12 16 
1 0 0 0 0 0 1 1 0 0 0 1 
1 12 15 16 
1 0 0 0 0 0 1 1 0 0 1 0 
9 1 12 16 
1 0 0 0 0 0 1 1 0 1 0 0 
1 3 6 16 
1 0 0 0 0 0 1 1 0 1 1 1 
3 17 7 12 16 
1 0 0 0 0 0 1 1 1 0 0 0 
1 16 8 12 16 
1 0 0 0 0 0 1 1 1 0 1 1 
5 9 1 12 16 
1 0 0 0 0 0 1 1 1 1 0 1 
16 15 17 12 16 
1 0 0 0 0 0 1 1 1 1 1 0 
13 17 16 12 16 
1 0 0 0 0 1 0 0 0 0 0 0 
4 13 16 
1 0 0 0 0 1 0 0 0 0 1 1 
8 12 17 
1 0 0 0 0 1 0 0 0 1 0 1 
7 6 15 16 
1 0 0 0 0 1 0 0 0 1 1 0 
1 8 17 
1 0 0 0 0 1 0 0 1 0 0 1 
5 8 12 17 
1 0 0 0 0 1 0 0 1 0 1 0 
14 1 12 17 
1 0 0 0 0 1 0 0 1 1 0 0 
11 8 12 17 
1 0 0 0 0 1 0 0 1 1 1 1 
4 17 13 16 
1 0 0 0 0 1 0 1 0 0 0 1 
3 8 12 17 
1 0 0 0 0 1 0 1 0 0 1 0 
9 13 12 16 
1 0 0 0 0 1 0 1 0 1 0 0 
6 15 13 16 
1 0 0 0 0 1 0 1 0 1 1 1 
5 6 15 13 16 
1 0 0 0 0 1 0 1 1 0 0 0 
11 9 13 12 16 
1 0 0 0 0 1 0 1 1 0 1 1 
5 9 13 12 16 
1 0 0 0 0 1 0 1 1 1 0 1 
17 6 15 13 16 
1 0 0 0 0 1 0 1 1 1 1 0 
4 13 17 16 
1 0 0 0 0 1 1 0 0 0 0 1 
7 12 15 16 
1 0 0 0 0 1 1 0 0 0 1 0 
3 13 12 16 
1 0 0 0 0 1 1 0 0 1 0 0 
3 6 13 16 
1 0 0 0 0 1 1 0 0 1 1 1 
5 3 6 13 16 
1 0 0 0 0 1 1 0 1 0 0 0 
10 2 13 12 16 
1 0 0 0 0 1 1 0 1 0 1 1 
5 3 13 12 16 
1 0 0 0 0 1 1 0 1 1 0 1 
15 4 17 13 16 
1 0 0 0 0 1 1 0 1 1 1 0 
17 3 13 12 16 
1 0 0 0 0 1 1 1 0 0 0 0 
12 15 13 16 
1 0 0 0 0 1 1 1 0 0 1 1 
0 5 6 15 13 16 
1 0 0 0 0 1 1 1 0 1 0 1 
15 5 6 13 16 
1 0 0 0 0 1 1 1 0 1 1 0 
13 5 3 6 16 
1 0 0 0 0 1 1 1 1 0 0 1 
0 17 6 15 13 16 
1 0 0 0 0 1 1 1 1 0 1 0 
13 5 3 12 16 
1 0 0 0 0 1 1 1 1 1 0 0 
4 3 13 17 16 
1 0 0 0 0 1 1 1 1 1 1 1 
3 17 13 12 16 
1 0 0 0 1 0 0 0 0 0 0 0 
16 0 16 
1 0 0 0 1 0 0 0 0 0 1 1 
2 12 17 
1 0 0 0 1 0 0 0 0 1 0 1 
6 3 7 16 
1 0 0 0 1 0 0 0 0 1 1 0 
8 1 17 
1 0 0 0 1 0 0 0 1 0 0 1 
10 9 12 17 
1 0 0 0 1 0 0 0 1 0 1 0 
2 1 12 17 
1 0 0 0 1 0 0 0 1 1 0 0 
11 2 12 17 
1 0 0 0 1 0 0 0 1 1 1 1 
17 16 0 16 
1 0 0 0 1 0 0 1 0 0 0 1 
1 0 15 16 
1 0 0 0 1 0 0 1 0 0 1 0 
1 0 9 16 
1 0 0 0 1 0 0 1 0 1 0 0 
1 6 3 16 
1 0 0 0 1 0 0 1 0 1 1 1 
17 1 0 15 16 
1 0 0 0 1 0 0 1 1 0 0 0 
14 0 15 13 16 
1 0 0 0 1 0 0 1 1 0 1 1 
3 16 12 17 16 
1 0 0 0 1 0 0 1 1 1 0 1 
5 1 0 15 16 
1 0 0 0 1 0 0 1 1 1 1 0 
4 8 13 17 16 
1 0 0 0 1 0 1 0 0 0 0 1 
3 0 7 16 
1 0 0 0 1 0 1 0 0 0 1 0 
9 1 0 16 
1 0 0 0 1 0 1 0 0 1 0 0 
8 1 15 17 
1 0 0 0 1 0 1 0 0 1 1 1 
17 3 0 7 16 
1 0 0 0 1 0 1 0 1 0 0 0 
10 8 13 12 16 
1 0 0 0 1 0 1 0 1 0 1 1 
16 12 17 16 
1 0 0 0 1 0 1 0 1 1 0 1 
5 3 0 7 16 
1 0 0 0 1 0 1 0 1 1 1 0 
11 16 12 17 16 
1 0 0 0 1 0 1 1 0 0 0 0 
1 3 0 16 
1 0 0 0 1 0 1 1 0 0 1 1 
12 17 1 15 16 
1 0 0 0 1 0 1 1 0 1 0 1 
12 15 17 7 16 
1 0 0 0 1 0 1 1 0 1 1 0 
17 12 17 1 15 16 
1 0 0 0 1 0 1 1 1 0 0 1 
12 5 1 15 16 
1 0 0 0 1 0 1 1 1 0 1 0 
13 16 12 17 16 
1 0 0 0 1 0 1 1 1 1 0 0 
15 5 14 0 13 16 
1 0 0 0 1 0 1 1 1 1 1 1 
15 17 1 0 16 
1 0 0 0 1 1 0 0 0 0 0 1 
0 7 15 16 
1 0 0 0 1 1 0 0 0 0 1 0 
0 9 13 16 
1 0 0 0 1 1 0 0 0 1 0 0 
6 3 13 16 
1 0 0 0 1 1 0 0 0 1 1 1 
4 14 17 13 16 
1 0 0 0 1 1 0 0 1 0 0 0 
13 10 8 13 16 
1 0 0 0 1 1 0 0 1 0 1 1 
12 4 17 13 16 
1 0 0 0 1 1 0 0 1 1 0 1 
17 6 3 13 16 
1 0 0 0 1 1 0 0 1 1 1 0 
17 0 9 13 16 
1 0 0 0 1 1 0 1 0 0 0 0 
0 15 13 16 
1 0 0 0 1 1 0 1 0 0 1 1 
14 5 9 13 12 16 
1 0 0 0 1 1 0 1 0 1 0 1 
14 17 6 15 13 16 
1 0 0 0 1 1 0 1 0 1 1 0 
4 14 13 17 16 
1 0 0 0 1 1 0 1 1 0 0 1 
12 17 6 15 13 16 
1 0 0 0 1 1 0 1 1 0 1 0 
12 4 13 17 16 
1 0 0 0 1 1 0 1 1 1 0 0 
13 17 6 3 16 
1 0 0 0 1 1 0 1 1 1 1 1 
17 0 15 13 16 
1 0 0 0 1 1 1 0 0 0 0 0 
3 0 13 16 
1 0 0 0 1 1 1 0 0 0 1 1 
12 17 7 15 16 
1 0 0 0 1 1 1 0 0 1 0 1 
10 14 5 7 12 16 
1 0 0 0 1 1 1 0 0 1 1 0 
14 17 3 13 12 16 
1 0 0 0 1 1 1 0 1 0 0 1 
12 5 7 15 16 
1 0 0 0 1 1 1 0 1 0 1 0 
12 17 9 13 16 
1 0 0 0 1 1 1 0 1 1 0 0 
12 15 17 9 13 16 
1 0 0 0 1 1 1 0 1 1 1 1 
17 3 0 13 16 
1 0 0 0 1 1 1 1 0 0 0 1 
17 12 15 17 13 16 
1 0 0 0 1 1 1 1 0 0 1 0 
14 13 5 3 12 16 
1 0 0 0 1 1 1 1 0 1 0 0 
5 12 15 17 13 16 
1 0 0 0 1 1 1 1 0 1 1 1 
3 14 17 13 12 16 
1 0 0 0 1 1 1 1 1 0 0 0 
5 12 17 15 13 16 
1 0 0 0 1 1 1 1 1 0 1 1 
12 17 15 13 16 
1 0 0 0 1 1 1 1 1 1 0 1 
12 15 17 13 16 
1 0 0 0 1 1 1 1 1 1 1 0 
12 15 13 17 16 
1 0 0 1 0 0 0 0 0 0 0 0 
1 4 13 16 
1 0 0 1 0 0 0 0 0 0 1 1 
5 9 6 16 
1 0 0 1 0 0 0 0 0 1 0 1 
6 13 15 13 16 
1 0 0 1 0 0 0 0 0 1 1 0 
9 6 16 
1 0 0 1 0 0 0 0 1 0 0 1 
11 9 6 16 
1 0 0 1 0 0 0 0 1 0 1 0 
3 16 8 12 16 
1 0 0 1 0 0 0 0 1 1 0 0 
16 8 6 16 
1 0 0 1 0 0 0 0 1 1 1 1 
9 17 6 16 
1 0 0 1 0 0 0 1 0 0 0 1 
11 6 15 16 
1 0 0 1 0 0 0 1 0 0 1 0 
9 12 16 
1 0 0 1 0 0 0 1 0 1 0 0 
6 15 16 
1 0 0 1 0 0 0 1 0 1 1 1 
5 6 15 16 
1 0 0 1 0 0 0 1 1 0 0 0 
11 9 12 16 
1 0 0 1 0 0 0 1 1 0 1 1 
5 9 12 16 
1 0 0 1 0 0 0 1 1 1 0 1 
17 6 15 16 
1 0 0 1 0 0 0 1 1 1 1 0 
17 9 12 16 
1 0 0 1 0 0 1 0 0 0 0 1 
3 11 6 16 
1 0 0 1 0 0 1 0 0 0 1 0 
3 12 16 
1 0 0 1 0 0 1 0 0 1 0 0 
3 6 16 
1 0 0 1 0 0 1 0 0 1 1 1 
5 3 6 16 
1 0 0 1 0 0 1 0 1 0 0 0 
16 8 12 16 
1 0 0 1 0 0 1 0 1 0 1 1 
5 3 12 16 
1 0 0 1 0 0 1 0 1 1 0 1 
3 17 6 16 
1 0 0 1 0 0 1 0 1 1 1 0 
17 3 12 16 
1 0 0 1 0 0 1 1 0 0 0 0 
12 15 16 
1 0 0 1 0 0 1 1 0 0 1 1 
0 5 6 15 16 
1 0 0 1 0 0 1 1 0 1 0 1 
15 5 6 16 
1 0 0 1 0 0 1 1 0 1 1 0 
15 4 8 13 17 
1 0 0 1 0 0 1 1 1 0 0 1 
0 17 6 15 16 
1 0 0 1 0 0 1 1 1 0 1 0 
0 17 9 12 16 
1 0 0 1 0 0 1 1 1 1 0 0 
13 16 15 17 12 16 
1 0 0 1 0 0 1 1 1 1 1 1 
3 17 12 16 
1 0 0 1 0 1 0 0 0 0 0 1 
4 7 15 16 
1 0 0 1 0 1 0 0 0 0 1 0 
13 9 12 16 
1 0 0 1 0 1 0 0 0 1 0 0 
6 13 15 16 
1 0 0 1 0 1 0 0 0 1 1 1 
8 17 16 14 16 
1 0 0 1 0 1 0 0 1 0 0 0 
10 2 13 16 
1 0 0 1 0 1 0 0 1 0 1 1 
5 13 9 12 16 
1 0 0 1 0 1 0 0 1 1 0 1 
17 6 13 15 16 
1 0 0 1 0 1 0 0 1 1 1 0 
17 13 9 12 16 
1 0 0 1 0 1 0 1 0 0 0 0 
4 15 13 16 
1 0 0 1 0 1 0 1 0 0 1 1 
8 5 9 14 12 16 
1 0 0 1 0 1 0 1 0 1 0 1 
15 16 9 14 17 
1 0 0 1 0 1 0 1 0 1 1 0 
13 5 6 15 16 
1 0 0 1 0 1 0 1 1 0 0 1 
3 5 13 9 12 16 
1 0 0 1 0 1 0 1 1 0 1 0 
13 5 9 12 16 
1 0 0 1 0 1 0 1 1 1 0 0 
13 17 6 15 16 
1 0 0 1 0 1 0 1 1 1 1 1 
4 17 15 13 16 
1 0 0 1 0 1 1 0 0 0 0 0 
16 2 12 16 
1 0 0 1 0 1 1 0 0 0 1 1 
12 4 6 14 17 
1 0 0 1 0 1 1 0 0 1 0 1 
7 15 5 6 16 
1 0 0 1 0 1 1 0 0 1 1 0 
8 17 3 14 12 16 
1 0 0 1 0 1 1 0 1 0 0 1 
15 5 13 9 12 16 
1 0 0 1 0 1 1 0 1 0 1 0 
8 12 17 9 16 
1 0 0 1 0 1 1 0 1 1 0 0 
3 16 1 9 17 
1 0 0 1 0 1 1 0 1 1 1 1 
7 3 17 12 16 
1 0 0 1 0 1 1 1 0 0 0 1 
15 4 8 12 17 
1 0 0 1 0 1 1 1 0 0 1 0 
15 4 9 13 12 16 
1 0 0 1 0 1 1 1 0 1 0 0 
13 15 5 6 16 
1 0 0 1 0 1 1 1 0 1 1 1 
3 8 17 14 12 16 
1 0 0 1 0 1 1 1 1 0 0 0 
17 13 3 17 12 16 
1 0 0 1 0 1 1 1 1 0 1 1 
8 12 17 15 16 
1 0 0 1 0 1 1 1 1 1 0 1 
4 15 17 13 16 
1 0 0 1 0 1 1 1 1 1 1 0 
13 3 17 12 16 
1 0 0 1 1 0 0 0 0 0 0 1 
10 7 14 16 
1 0 0 1 1 0 0 0 0 0 1 0 
0 9 16 
1 0 0 1 1 0 0 0 0 1 0 0 
6 3 16 
1 0 0 1 1 0 0 0 0 1 1 1 
5 6 3 16 
1 0 0 1 1 0 0 0 1 0 0 0 
10 8 13 16 
1 0 0 1 1 0 0 0 1 0 1 1 
5 0 9 16 
1 0 0 1 1 0 0 0 1 1 0 1 
17 6 3 16 
1 0 0 1 1 0 0 0 1 1 1 0 
17 0 9 16 
1 0 0 1 1 0 0 1 0 0 0 0 
0 15 16 
1 0 0 1 1 0 0 1 0 0 1 1 
12 5 6 15 16 
1 0 0 1 1 0 0 1 0 1 0 1 
6 17 15 17 16 
1 0 0 1 1 0 0 1 0 1 1 0 
0 16 9 14 12 16 
1 0 0 1 1 0 0 1 1 0 0 1 
12 17 6 15 16 
1 0 0 1 1 0 0 1 1 0 1 0 
12 17 9 12 16 
1 0 0 1 1 0 0 1 1 1 0 0 
3 17 0 9 16 
1 0 0 1 1 0 0 1 1 1 1 1 
17 0 15 16 
1 0 0 1 1 0 1 0 0 0 0 0 
3 0 16 
1 0 0 1 1 0 1 0 0 0 1 1 
3 16 7 14 12 16 
1 0 0 1 1 0 1 0 0 1 0 1 
15 5 6 3 16 
1 0 0 1 1 0 1 0 0 1 1 0 
0 16 2 7 17 
1 0 0 1 1 0 1 0 1 0 0 1 
3 12 17 6 16 
1 0 0 1 1 0 1 0 1 0 1 0 
12 17 9 16 
1 0 0 1 1 0 1 0 1 1 0 0 
12 15 17 9 16 
1 0 0 1 1 0 1 0 1 1 1 1 
17 3 0 16 
1 0 0 1 1 0 1 1 0 0 0 1 
17 12 15 17 16 
1 0 0 1 1 0 1 1 0 0 1 0 
17 12 17 15 16 
1 0 0 1 1 0 1 1 0 1 0 0 
5 12 15 17 16 
1 0 0 1 1 0 1 1 0 1 1 1 
11 12 15 17 16 
1 0 0 1 1 0 1 1 1 0 0 0 
5 12 17 15 16 
1 0 0 1 1 0 1 1 1 0 1 1 
12 17 15 16 
1 0 0 1 1 0 1 1 1 1 0 1 
12 15 17 16 
1 0 0 1 1 0 1 1 1 1 1 0 
11 12 17 15 16 
1 0 0 1 1 1 0 0 0 0 0 0 
10 13 14 16 
1 0 0 1 1 1 0 0 0 0 1 1 
2 5 0 9 16 
1 0 0 1 1 1 0 0 0 1 0 1 
16 14 17 6 16 
1 0 0 1 1 1 0 0 0 1 1 0 
2 17 0 9 16 
1 0 0 1 1 1 0 0 1 0 0 1 
12 17 6 13 15 16 
1 0 0 1 1 1 0 0 1 0 1 0 
0 4 1 6 17 
1 0 0 1 1 1 0 0 1 1 0 0 
6 4 3 2 13 16 
1 0 0 1 1 1 0 0 1 1 1 1 
10 2 17 13 16 
1 0 0 1 1 1 0 1 0 0 0 1 
2 12 17 6 15 16 
1 0 0 1 1 1 0 1 0 0 1 0 
9 16 13 14 12 16 
1 0 0 1 1 1 0 1 0 1 0 0 
15 4 6 3 13 16 
1 0 0 1 1 1 0 1 0 1 1 1 
2 17 0 15 16 
1 0 0 1 1 1 0 1 1 0 0 0 
0 4 2 15 13 16 
1 0 0 1 1 1 0 1 1 0 1 1 
12 4 17 15 13 16 
1 0 0 1 1 1 0 1 1 1 0 1 
4 6 15 17 13 16 
1 0 0 1 1 1 0 1 1 1 1 0 
10 13 17 14 16 
1 0 0 1 1 1 1 0 0 0 0 1 
5 16 14 17 12 16 
1 0 0 1 1 1 1 0 0 0 1 0 
2 12 17 9 16 
1 0 0 1 1 1 1 0 0 1 0 0 
17 16 14 17 12 16 
1 0 0 1 1 1 1 0 0 1 1 1 
16 14 17 12 16 
1 0 0 1 1 1 1 0 1 0 0 0 
12 16 7 3 17 
1 0 0 1 1 1 1 0 1 0 1 1 
12 17 13 15 16 
1 0 0 1 1 1 1 0 1 1 0 1 
7 12 15 17 16 
1 0 0 1 1 1 1 0 1 1 1 0 
1 17 3 0 13 16 
1 0 0 1 1 1 1 1 0 0 0 0 
15 4 0 9 13 16 
1 0 0 1 1 1 1 1 0 0 1 1 
2 12 17 15 16 
1 0 0 1 1 1 1 1 0 1 0 1 
2 12 15 17 16 
1 0 0 1 1 1 1 1 0 1 1 0 
1 16 14 17 12 16 
1 0 0 1 1 1 1 1 1 0 0 1 
4 0 15 17 13 16 
1 0 0 1 1 1 1 1 1 0 1 0 
13 12 17 15 16 
1 0 0 1 1 1 1 1 1 1 0 0 
13 12 15 17 16 
1 0 0 1 1 1 1 1 1 1 1 1 
3 16 2 17 13 12 16 
1 0 1 0 0 0 0 0 0 0 0 0 
15 16 12 16 
1 0 1 0 0 0 0 0 0 0 1 1 
1 15 1 12 16 
1 0 1 0 0 0 0 0 0 1 0 1 
7 6 16 
1 0 1 0 0 0 0 0 0 1 1 0 
12 3 1 12 16 
1 0 1 0 0 0 0 0 1 0 0 1 
13 2 0 13 16 
1 0 1 0 0 0 0 0 1 0 1 0 
15 1 16 8 12 16 
1 0 1 0 0 0 0 0 1 1 0 0 
0 14 0 13 16 
1 0 1 0 0 0 0 0 1 1 1 1 
17 15 16 12 16 
1 0 1 0 0 0 0 1 0 0 0 1 
1 15 12 16 
1 0 1 0 0 0 0 1 0 0 1 0 
15 1 12 16 
1 0 1 0 0 0 0 1 0 1 0 0 
1 6 16 
1 0 1 0 0 0 0 1 0 1 1 1 
5 1 6 16 
1 0 1 0 0 0 0 1 1 0 0 0 
11 15 1 12 16 
1 0 1 0 0 0 0 1 1 0 1 1 
5 15 1 12 16 
1 0 1 0 0 0 0 1 1 1 0 1 
17 1 6 16 
1 0 1 0 0 0 0 1 1 1 1 0 
17 15 1 12 16 
1 0 1 0 0 0 1 0 0 0 0 1 
7 12 16 
1 0 1 0 0 0 1 0 0 0 1 0 
3 1 12 16 
1 0 1 0 0 0 1 0 0 1 0 0 
11 7 12 16 
1 0 1 0 0 0 1 0 0 1 1 1 
17 7 12 16 
1 0 1 0 0 0 1 0 1 0 0 0 
14 13 14 12 16 
1 0 1 0 0 0 1 0 1 0 1 1 
5 3 1 12 16 
1 0 1 0 0 0 1 0 1 1 0 1 
5 7 12 16 
1 0 1 0 0 0 1 0 1 1 1 0 
17 3 1 12 16 
1 0 1 0 0 0 1 1 0 0 0 0 
1 12 16 
1 0 1 0 0 0 1 1 0 0 1 1 
0 5 1 6 16 
1 0 1 0 0 0 1 1 0 1 0 1 
15 17 7 12 16 
1 0 1 0 0 0 1 1 0 1 1 0 
13 17 7 12 16 
1 0 1 0 0 0 1 1 1 0 0 1 
0 17 1 6 16 
1 0 1 0 0 0 1 1 1 0 1 0 
0 17 15 1 12 16 
1 0 1 0 0 0 1 1 1 1 0 0 
13 5 7 12 16 
1 0 1 0 0 0 1 1 1 1 1 1 
17 1 12 16 
1 0 1 0 0 1 0 0 0 0 0 1 
7 15 12 16 
1 0 1 0 0 1 0 0 0 0 1 0 
7 15 1 12 16 
1 0 1 0 0 1 0 0 0 1 0 0 
6 13 16 
1 0 1 0 0 1 0 0 0 1 1 1 
5 6 13 16 
1 0 1 0 0 1 0 0 1 0 0 0 
2 0 13 16 
1 0 1 0 0 1 0 0 1 0 1 1 
17 2 0 13 16 
1 0 1 0 0 1 0 0 1 1 0 1 
17 6 13 16 
1 0 1 0 0 1 0 0 1 1 1 0 
5 2 0 13 16 
1 0 1 0 0 1 0 1 0 0 0 0 
15 13 12 16 
1 0 1 0 0 1 0 1 0 0 1 1 
11 13 17 6 16 
1 0 1 0 0 1 0 1 0 1 0 1 
13 16 9 14 17 
1 0 1 0 0 1 0 1 0 1 1 0 
13 5 6 16 
1 0 1 0 0 1 0 1 1 0 0 1 
17 13 17 6 16 
1 0 1 0 0 1 0 1 1 0 1 0 
15 17 13 17 12 16 
1 0 1 0 0 1 0 1 1 1 0 0 
13 17 6 16 
1 0 1 0 0 1 0 1 1 1 1 1 
17 15 13 12 16 
1 0 1 0 0 1 1 0 0 0 0 0 
13 12 16 
1 0 1 0 0 1 1 0 0 0 1 1 
0 5 6 13 16 
1 0 1 0 0 1 1 0 0 1 0 1 
8 5 7 14 12 16 
1 0 1 0 0 1 1 0 0 1 1 0 
1 17 7 12 16 
1 0 1 0 0 1 1 0 1 0 0 1 
0 17 6 13 16 
1 0 1 0 0 1 1 0 1 0 1 0 
3 17 13 17 12 16 
1 0 1 0 0 1 1 0 1 1 0 0 
1 5 7 12 16 
1 0 1 0 0 1 1 0 1 1 1 1 
17 13 12 16 
1 0 1 0 0 1 1 1 0 0 0 1 
17 15 17 13 12 16 
1 0 1 0 0 1 1 1 0 0 1 0 
5 13 17 12 16 
1 0 1 0 0 1 1 1 0 1 0 0 
3 13 5 6 16 
1 0 1 0 0 1 1 1 0 1 1 1 
11 15 17 13 12 16 
1 0 1 0 0 1 1 1 1 0 0 0 
17 13 17 12 16 
1 0 1 0 0 1 1 1 1 0 1 1 
11 13 17 12 16 
1 0 1 0 0 1 1 1 1 1 0 1 
15 17 13 12 16 
1 0 1 0 0 1 1 1 1 1 1 0 
13 17 12 16 
1 0 1 0 1 0 0 0 0 0 0 1 
0 7 16 
1 0 1 0 1 0 0 0 0 0 1 0 
6 3 1 12 16 
1 0 1 0 1 0 0 0 0 1 0 0 
6 10 12 16 
1 0 1 0 1 0 0 0 0 1 1 1 
17 0 7 16 
1 0 1 0 1 0 0 0 1 0 0 0 
14 0 13 16 
1 0 1 0 1 0 0 0 1 0 1 1 
17 14 0 13 16 
1 0 1 0 1 0 0 0 1 1 0 1 
5 0 7 16 
1 0 1 0 1 0 0 0 1 1 1 0 
5 14 0 13 16 
1 0 1 0 1 0 0 1 0 0 0 0 
1 0 16 
1 0 1 0 1 0 0 1 0 0 1 1 
12 5 1 6 16 
1 0 1 0 1 0 0 1 0 1 0 1 
12 15 17 7 12 16 
1 0 1 0 1 0 0 1 0 1 1 0 
8 16 13 17 16 
1 0 1 0 1 0 0 1 1 0 0 1 
9 16 12 17 16 
1 0 1 0 1 0 0 1 1 0 1 0 
12 17 15 1 12 16 
1 0 1 0 1 0 0 1 1 1 0 0 
8 13 17 6 16 
1 0 1 0 1 0 0 1 1 1 1 1 
17 1 0 16 
1 0 1 0 1 0 1 0 0 0 0 0 
14 13 12 16 
1 0 1 0 1 0 1 0 0 0 1 1 
12 17 7 16 
1 0 1 0 1 0 1 0 0 1 0 1 
12 16 8 15 17 
1 0 1 0 1 0 1 0 0 1 1 0 
17 12 17 7 16 
1 0 1 0 1 0 1 0 1 0 0 1 
12 5 7 16 
1 0 1 0 1 0 1 0 1 0 1 0 
14 17 12 17 13 16 
1 0 1 0 1 0 1 0 1 1 0 0 
11 12 17 7 16 
1 0 1 0 1 0 1 0 1 1 1 1 
17 14 13 12 16 
1 0 1 0 1 0 1 1 0 0 0 1 
15 12 17 7 16 
1 0 1 0 1 0 1 1 0 0 1 0 
1 17 12 17 16 
1 0 1 0 1 0 1 1 0 1 0 0 
6 4 1 14 12 16 
1 0 1 0 1 0 1 1 0 1 1 1 
13 14 17 13 12 16 
1 0 1 0 1 0 1 1 1 0 0 0 
1 5 12 17 16 
1 0 1 0 1 0 1 1 1 0 1 1 
12 17 1 16 
1 0 1 0 1 0 1 1 1 1 0 1 
3 17 1 0 16 
1 0 1 0 1 0 1 1 1 1 1 0 
8 13 17 12 16 
1 0 1 0 1 1 0 0 0 0 0 0 
0 13 16 
1 0 1 0 1 1 0 0 0 0 1 1 
12 5 6 13 16 
1 0 1 0 1 1 0 0 0 1 0 1 
14 17 6 13 16 
1 0 1 0 1 1 0 0 0 1 1 0 
1 17 0 7 16 
1 0 1 0 1 1 0 0 1 0 0 1 
12 17 6 13 16 
1 0 1 0 1 1 0 0 1 0 1 0 
1 17 14 0 13 16 
1 0 1 0 1 1 0 0 1 1 0 0 
1 5 0 7 16 
1 0 1 0 1 1 0 0 1 1 1 1 
17 0 13 16 
1 0 1 0 1 1 0 1 0 0 0 1 
7 4 0 15 13 16 
1 0 1 0 1 1 0 1 0 0 1 0 
0 5 13 17 16 
1 0 1 0 1 1 0 1 0 1 0 0 
14 13 17 6 16 
1 0 1 0 1 1 0 1 0 1 1 1 
13 2 17 0 16 
1 0 1 0 1 1 0 1 1 0 0 0 
0 17 13 17 16 
1 0 1 0 1 1 0 1 1 0 1 1 
9 12 17 13 16 
1 0 1 0 1 1 0 1 1 1 0 1 
12 15 17 13 12 16 
1 0 1 0 1 1 0 1 1 1 1 0 
13 17 0 16 
1 0 1 0 1 1 1 0 0 0 0 1 
2 12 5 7 16 
1 0 1 0 1 1 1 0 0 0 1 0 
17 12 17 13 16 
1 0 1 0 1 1 1 0 0 1 0 0 
17 14 17 13 12 16 
1 0 1 0 1 1 1 0 0 1 1 1 
14 17 13 12 16 
1 0 1 0 1 1 1 0 1 0 0 0 
5 12 17 13 16 
1 0 1 0 1 1 1 0 1 0 1 1 
12 17 13 16 
1 0 1 0 1 1 1 0 1 1 0 1 
11 14 17 13 12 16 
1 0 1 0 1 1 1 0 1 1 1 0 
11 12 17 13 16 
1 0 1 0 1 1 1 1 0 0 0 0 
13 16 7 14 12 16 
1 0 1 0 1 1 1 1 0 0 1 1 
13 2 12 17 16 
1 0 1 0 1 1 1 1 0 1 0 1 
15 14 17 13 12 16 
1 0 1 0 1 1 1 1 0 1 1 0 
14 13 17 12 16 
1 0 1 0 1 1 1 1 1 0 0 1 
15 12 17 13 16 
1 0 1 0 1 1 1 1 1 0 1 0 
13 12 17 16 
1 0 1 0 1 1 1 1 1 1 0 0 
12 3 13 17 16 
1 0 1 0 1 1 1 1 1 1 1 1 
13 16 2 17 13 12 16 
1 0 1 1 0 0 0 0 0 0 0 1 
11 6 16 
1 0 1 1 0 0 0 0 0 0 1 0 
15 12 15 16 
1 0 1 1 0 0 0 0 0 1 0 0 
6 16 
1 0 1 1 0 0 0 0 0 1 1 1 
5 6 16 
1 0 1 1 0 0 0 0 1 0 0 0 
14 0 2 16 
1 0 1 1 0 0 0 0 1 0 1 1 
5 15 12 15 16 
1 0 1 1 0 0 0 0 1 1 0 1 
17 6 16 
1 0 1 1 0 0 0 0 1 1 1 0 
17 15 12 15 16 
1 0 1 1 0 0 0 1 0 0 0 0 
15 12 16 
1 0 1 1 0 0 0 1 0 0 1 1 
4 9 7 12 16 
1 0 1 1 0 0 0 1 0 1 0 1 
4 3 8 17 
1 0 1 1 0 0 0 1 0 1 1 0 
4 8 13 17 
1 0 1 1 0 0 0 1 1 0 0 1 
16 9 0 17 
1 0 1 1 0 0 0 1 1 0 1 0 
16 3 0 13 17 
1 0 1 1 0 0 0 1 1 1 0 0 
16 3 13 17 
1 0 1 1 0 0 0 1 1 1 1 1 
17 15 12 16 
1 0 1 1 0 0 1 0 0 0 0 0 
12 16 
1 0 1 1 0 0 1 0 0 0 1 1 
0 5 6 16 
1 0 1 1 0 0 1 0 0 1 0 1 
4 8 15 17 
1 0 1 1 0 0 1 0 0 1 1 0 
7 17 7 12 16 
1 0 1 1 0 0 1 0 1 0 0 1 
0 17 6 16 
1 0 1 1 0 0 1 0 1 0 1 0 
16 15 0 13 17 
1 0 1 1 0 0 1 0 1 1 0 0 
16 9 13 17 
1 0 1 1 0 0 1 0 1 1 1 1 
17 12 16 
1 0 1 1 0 0 1 1 0 0 0 1 
17 15 17 12 16 
1 0 1 1 0 0 1 1 0 0 1 0 
4 9 1 12 16 
1 0 1 1 0 0 1 1 0 1 0 0 
5 15 17 12 16 
1 0 1 1 0 0 1 1 0 1 1 1 
11 15 17 12 16 
1 0 1 1 0 0 1 1 1 0 0 0 
16 1 8 12 16 
1 0 1 1 0 0 1 1 1 0 1 1 
0 17 15 12 16 
1 0 1 1 0 0 1 1 1 1 0 1 
15 17 12 16 
1 0 1 1 0 0 1 1 1 1 1 0 
7 17 13 12 16 
1 0 1 1 0 1 0 0 0 0 0 0 
10 13 16 
1 0 1 1 0 1 0 0 0 0 1 1 
4 8 12 17 
1 0 1 1 0 1 0 0 0 1 0 1 
16 9 14 17 
1 0 1 1 0 1 0 0 0 1 1 0 
4 1 8 17 
1 0 1 1 0 1 0 0 1 0 0 1 
8 12 17 6 16 
1 0 1 1 0 1 0 0 1 0 1 0 
4 14 1 12 17 
1 0 1 1 0 1 0 0 1 1 0 0 
16 1 9 17 
1 0 1 1 0 1 0 0 1 1 1 1 
10 17 13 16 
1 0 1 1 0 1 0 1 0 0 0 1 
4 3 8 12 17 
1 0 1 1 0 1 0 1 0 0 1 0 
4 9 13 12 16 
1 0 1 1 0 1 0 1 0 1 0 0 
4 6 15 13 16 
1 0 1 1 0 1 0 1 0 1 1 1 
10 13 16 14 17 
1 0 1 1 0 1 0 1 1 0 0 0 
10 17 13 17 16 
1 0 1 1 0 1 0 1 1 0 1 1 
9 8 12 17 16 
1 0 1 1 0 1 0 1 1 1 0 1 
10 1 16 3 17 
1 0 1 1 0 1 0 1 1 1 1 0 
10 13 17 16 
1 0 1 1 0 1 1 0 0 0 0 1 
16 2 7 12 16 
1 0 1 1 0 1 1 0 0 0 1 0 
4 3 13 12 16 
1 0 1 1 0 1 1 0 0 1 0 0 
4 3 6 13 16 
1 0 1 1 0 1 1 0 0 1 1 1 
8 17 14 12 16 
1 0 1 1 0 1 1 0 1 0 0 0 
16 2 13 12 16 
1 0 1 1 0 1 1 0 1 0 1 1 
8 12 17 16 
1 0 1 1 0 1 1 0 1 1 0 1 
7 15 17 12 16 
1 0 1 1 0 1 1 0 1 1 1 0 
1 17 13 12 16 
1 0 1 1 0 1 1 1 0 0 0 0 
16 2 1 12 16 
1 0 1 1 0 1 1 1 0 0 1 1 
11 13 15 17 12 16 
1 0 1 1 0 1 1 1 0 1 0 1 
8 15 17 14 12 16 
1 0 1 1 0 1 1 1 0 1 1 0 
1 8 17 14 12 16 
1 0 1 1 0 1 1 1 1 0 0 1 
8 15 12 17 16 
1 0 1 1 0 1 1 1 1 0 1 0 
1 8 12 17 16 
1 0 1 1 0 1 1 1 1 1 0 0 
13 15 17 12 16 
1 0 1 1 0 1 1 1 1 1 1 1 
4 3 17 13 12 16 
1 0 1 1 1 0 0 0 0 0 0 0 
0 16 
1 0 1 1 1 0 0 0 0 0 1 1 
12 5 6 16 
1 0 1 1 1 0 0 0 0 1 0 1 
16 2 9 17 
1 0 1 1 1 0 0 0 0 1 1 0 
4 8 1 17 
1 0 1 1 1 0 0 0 1 0 0 1 
12 17 6 16 
1 0 1 1 1 0 0 0 1 0 1 0 
4 2 1 12 17 
1 0 1 1 1 0 0 0 1 1 0 0 
16 8 6 13 16 
1 0 1 1 1 0 0 0 1 1 1 1 
17 0 16 
1 0 1 1 1 0 0 1 0 0 0 1 
4 1 0 15 16 
1 0 1 1 1 0 0 1 0 0 1 0 
9 17 12 17 16 
1 0 1 1 1 0 0 1 0 1 0 0 
16 1 0 14 16 
1 0 1 1 1 0 0 1 0 1 1 1 
7 2 17 0 16 
1 0 1 1 1 0 0 1 1 0 0 0 
5 9 12 17 16 
1 0 1 1 1 0 0 1 1 0 1 1 
9 12 17 16 
1 0 1 1 1 0 0 1 1 1 0 1 
12 15 17 12 16 
1 0 1 1 1 0 0 1 1 1 1 0 
7 17 0 13 16 
1 0 1 1 1 0 1 0 0 0 0 1 
16 7 14 12 16 
1 0 1 1 1 0 1 0 0 0 1 0 
17 12 17 16 
1 0 1 1 1 0 1 0 0 1 0 0 
16 2 9 13 17 
1 0 1 1 1 0 1 0 0 1 1 1 
0 16 2 17 
1 0 1 1 1 0 1 0 1 0 0 0 
5 12 17 16 
1 0 1 1 1 0 1 0 1 0 1 1 
12 17 16 
1 0 1 1 1 0 1 0 1 1 0 1 
12 16 15 17 
1 0 1 1 1 0 1 0 1 1 1 0 
11 12 17 16 
1 0 1 1 1 0 1 1 0 0 0 0 
16 1 14 12 16 
1 0 1 1 1 0 1 1 0 0 1 1 
17 15 12 17 16 
1 0 1 1 1 0 1 1 0 1 0 1 
15 0 16 2 17 
1 0 1 1 1 0 1 1 0 1 1 0 
11 15 12 17 16 
1 0 1 1 1 0 1 1 1 0 0 1 
15 12 17 16 
1 0 1 1 1 0 1 1 1 0 1 0 
12 16 13 17 
1 0 1 1 1 0 1 1 1 1 0 0 
5 15 12 17 16 
1 0 1 1 1 0 1 1 1 1 1 1 
17 16 1 14 12 16 
1 0 1 1 1 1 0 0 0 0 0 1 
4 0 7 15 16 
1 0 1 1 1 1 0 0 0 0 1 0 
4 0 9 13 16 
1 0 1 1 1 1 0 0 0 1 0 0 
4 6 3 13 16 
1 0 1 1 1 1 0 0 0 1 1 1 
2 17 0 16 
1 0 1 1 1 1 0 0 1 0 0 0 
16 8 0 13 16 
1 0 1 1 1 1 0 0 1 0 1 1 
12 10 17 13 16 
1 0 1 1 1 1 0 0 1 1 0 1 
11 2 17 0 16 
1 0 1 1 1 1 0 0 1 1 1 0 
1 17 0 13 16 
1 0 1 1 1 1 0 1 0 0 0 0 
4 0 15 13 16 
1 0 1 1 1 1 0 1 0 0 1 1 
2 9 12 17 16 
1 0 1 1 1 1 0 1 0 1 0 1 
9 16 14 17 12 16 
1 0 1 1 1 1 0 1 0 1 1 0 
10 14 13 17 16 
1 0 1 1 1 1 0 1 1 0 0 1 
9 12 17 13 15 16 
1 0 1 1 1 1 0 1 1 0 1 0 
13 9 12 17 16 
1 0 1 1 1 1 0 1 1 1 0 0 
13 12 15 17 12 16 
1 0 1 1 1 1 0 1 1 1 1 1 
4 17 0 15 13 16 
1 0 1 1 1 1 1 0 0 0 0 0 
16 13 14 12 16 
1 0 1 1 1 1 1 0 0 0 1 1 
2 12 17 16 
1 0 1 1 1 1 1 0 0 1 0 1 
12 16 15 14 17 
1 0 1 1 1 1 1 0 0 1 1 0 
2 11 12 17 16 
1 0 1 1 1 1 1 0 1 0 0 1 
7 15 12 17 16 
1 0 1 1 1 1 1 0 1 0 1 0 
12 16 1 17 
1 0 1 1 1 1 1 0 1 1 0 0 
11 2 12 17 16 
1 0 1 1 1 1 1 0 1 1 1 1 
16 2 17 13 12 16 
1 0 1 1 1 1 1 1 0 0 0 1 
2 15 12 17 16 
1 0 1 1 1 1 1 1 0 0 1 0 
1 2 12 17 16 
1 0 1 1 1 1 1 1 0 1 0 0 
14 13 15 17 12 16 
1 0 1 1 1 1 1 1 0 1 1 1 
16 13 14 17 12 16 
1 0 1 1 1 1 1 1 1 0 0 0 
13 15 12 17 16 
1 0 1 1 1 1 1 1 1 0 1 1 
4 12 17 15 13 16 
1 0 1 1 1 1 1 1 1 1 0 1 
4 12 15 17 13 16 
1 0 1 1 1 1 1 1 1 1 1 0 
16 13 17 14 12 16 
1 1 0 0 0 0 0 0 0 0 0 0 
0 16 12 16 
1 1 0 0 0 0 0 0 0 0 1 1 
9 7 16 
1 1 0 0 0 0 0 0 0 1 0 1 
1 16 6 15 16 
1 1 0 0 0 0 0 0 0 1 1 0 
16 9 6 16 
1 1 0 0 0 0 0 0 1 0 0 1 
4 8 7 16 
1 1 0 0 0 0 0 0 1 0 1 0 
3 10 8 12 16 
1 1 0 0 0 0 0 0 1 1 0 0 
10 8 6 16 
1 1 0 0 0 0 0 0 1 1 1 1 
9 5 7 16 
1 1 0 0 0 0 0 1 0 0 0 1 
1 15 16 
1 1 0 0 0 0 0 1 0 0 1 0 
1 9 16 
1 1 0 0 0 0 0 1 0 1 0 0 
16 6 15 16 
1 1 0 0 0 0 0 1 0 1 1 1 
17 1 15 16 
1 1 0 0 0 0 0 1 1 0 0 0 
1 10 8 16 
1 1 0 0 0 0 0 1 1 0 1 1 
5 1 9 16 
1 1 0 0 0 0 0 1 1 1 0 1 
5 1 15 16 
1 1 0 0 0 0 0 1 1 1 1 0 
1 17 9 16 
1 1 0 0 0 0 1 0 0 0 0 1 
3 7 16 
1 1 0 0 0 0 1 0 0 0 1 0 
9 1 16 
1 1 0 0 0 0 1 0 0 1 0 0 
10 6 14 16 
1 1 0 0 0 0 1 0 0 1 1 1 
17 3 7 16 
1 1 0 0 0 0 1 0 1 0 0 0 
10 8 12 16 
1 1 0 0 0 0 1 0 1 0 1 1 
5 9 1 16 
1 1 0 0 0 0 1 0 1 1 0 1 
5 3 7 16 
1 1 0 0 0 0 1 0 1 1 1 0 
17 9 1 16 
1 1 0 0 0 0 1 1 0 0 0 0 
1 3 16 
1 1 0 0 0 0 1 1 0 0 1 1 
3 16 0 8 17 
1 1 0 0 0 0 1 1 0 1 0 1 
15 17 7 16 
1 1 0 0 0 0 1 1 0 1 1 0 
15 13 17 7 16 
1 1 0 0 0 0 1 1 1 0 0 1 
0 16 15 17 12 16 
1 1 0 0 0 0 1 1 1 0 1 0 
13 5 9 1 16 
1 1 0 0 0 0 1 1 1 1 0 0 
13 5 3 7 16 
1 1 0 0 0 0 1 1 1 1 1 1 
15 17 1 16 
1 1 0 0 0 1 0 0 0 0 0 1 
7 15 16 
1 1 0 0 0 1 0 0 0 0 1 0 
9 13 16 
1 1 0 0 0 1 0 0 0 1 0 0 
11 7 15 16 
1 1 0 0 0 1 0 0 0 1 1 1 
17 7 15 16 
1 1 0 0 0 1 0 0 1 0 0 0 
11 9 13 16 
1 1 0 0 0 1 0 0 1 0 1 1 
5 9 13 16 
1 1 0 0 0 1 0 0 1 1 0 1 
5 7 15 16 
1 1 0 0 0 1 0 0 1 1 1 0 
17 9 13 16 
1 1 0 0 0 1 0 1 0 0 0 0 
15 13 16 
1 1 0 0 0 1 0 1 0 0 1 1 
13 4 6 14 17 
1 1 0 0 0 1 0 1 0 1 0 1 
3 17 7 15 16 
1 1 0 0 0 1 0 1 0 1 1 0 
13 17 13 15 13 16 
1 1 0 0 0 1 0 1 1 0 0 1 
3 5 9 13 16 
1 1 0 0 0 1 0 1 1 0 1 0 
13 5 9 16 
1 1 0 0 0 1 0 1 1 1 0 0 
3 17 9 13 16 
1 1 0 0 0 1 0 1 1 1 1 1 
17 15 13 16 
1 1 0 0 0 1 1 0 0 0 0 0 
3 13 16 
1 1 0 0 0 1 1 0 0 0 1 1 
3 4 2 7 12 16 
1 1 0 0 0 1 1 0 0 1 0 1 
15 17 7 15 16 
1 1 0 0 0 1 1 0 0 1 1 0 
1 17 3 7 16 
1 1 0 0 0 1 1 0 1 0 0 1 
15 5 9 13 16 
1 1 0 0 0 1 1 0 1 0 1 0 
9 17 13 17 16 
1 1 0 0 0 1 1 0 1 1 0 0 
15 17 9 13 16 
1 1 0 0 0 1 1 0 1 1 1 1 
17 3 13 16 
1 1 0 0 0 1 1 1 0 0 0 1 
17 15 17 13 16 
1 1 0 0 0 1 1 1 0 0 1 0 
5 15 13 17 16 
1 1 0 0 0 1 1 1 0 1 0 0 
5 15 17 13 16 
1 1 0 0 0 1 1 1 0 1 1 1 
11 15 17 13 16 
1 1 0 0 0 1 1 1 1 0 0 0 
17 15 13 17 16 
1 1 0 0 0 1 1 1 1 0 1 1 
11 15 13 17 16 
1 1 0 0 0 1 1 1 1 1 0 1 
15 17 13 16 
1 1 0 0 0 1 1 1 1 1 1 0 
15 13 17 16 
1 1 0 0 1 0 0 0 0 0 0 1 
4 7 14 16 
1 1 0 0 1 0 0 0 0 0 1 0 
9 14 13 16 
1 1 0 0 1 0 0 0 0 1 0 0 
10 0 14 16 
1 1 0 0 1 0 0 0 0 1 1 1 
2 4 17 14 16 
1 1 0 0 1 0 0 0 1 0 0 0 
4 8 13 16 
1 1 0 0 1 0 0 0 1 0 1 1 
6 17 16 12 16 
1 1 0 0 1 0 0 0 1 1 0 1 
5 4 7 14 16 
1 1 0 0 1 0 0 0 1 1 1 0 
17 9 14 13 16 
1 1 0 0 1 0 0 1 0 0 0 0 
15 14 13 16 
1 1 0 0 1 0 0 1 0 0 1 1 
9 4 7 14 12 16 
1 1 0 0 1 0 0 1 0 1 0 1 
6 15 17 7 16 
1 1 0 0 1 0 0 1 0 1 1 0 
1 16 2 7 17 
1 1 0 0 1 0 0 1 1 0 0 1 
15 4 9 12 17 
1 1 0 0 1 0 0 1 1 0 1 0 
8 13 5 9 16 
1 1 0 0 1 0 0 1 1 1 0 0 
3 17 9 14 13 16 
1 1 0 0 1 0 0 1 1 1 1 1 
17 15 14 13 16 
1 1 0 0 1 0 1 0 0 0 0 0 
10 14 12 16 
1 1 0 0 1 0 1 0 0 0 1 1 
0 17 3 7 16 
1 1 0 0 1 0 1 0 0 1 0 1 
3 4 2 9 17 
1 1 0 0 1 0 1 0 0 1 1 0 
10 2 5 8 12 16 
1 1 0 0 1 0 1 0 1 0 0 1 
0 5 3 7 16 
1 1 0 0 1 0 1 0 1 0 1 0 
10 12 5 8 16 
1 1 0 0 1 0 1 0 1 1 0 0 
15 17 9 14 13 16 
1 1 0 0 1 0 1 0 1 1 1 1 
10 17 14 12 16 
1 1 0 0 1 0 1 1 0 0 0 1 
0 15 17 7 16 
1 1 0 0 1 0 1 1 0 0 1 0 
9 4 1 14 12 16 
1 1 0 0 1 0 1 1 0 1 0 0 
15 16 8 1 17 
1 1 0 0 1 0 1 1 0 1 1 1 
10 7 14 17 12 16 
1 1 0 0 1 0 1 1 1 0 0 0 
1 4 3 8 13 16 
1 1 0 0 1 0 1 1 1 0 1 1 
16 12 17 15 16 
1 1 0 0 1 0 1 1 1 1 0 1 
15 17 14 13 16 
1 1 0 0 1 0 1 1 1 1 1 0 
8 15 13 17 16 
1 1 0 0 1 1 0 0 0 0 0 0 
0 3 13 16 
1 1 0 0 1 1 0 0 0 0 1 1 
14 5 9 13 16 
1 1 0 0 1 1 0 0 0 1 0 1 
14 5 7 15 16 
1 1 0 0 1 1 0 0 0 1 1 0 
14 17 9 13 16 
1 1 0 0 1 1 0 0 1 0 0 1 
7 4 8 15 13 16 
1 1 0 0 1 1 0 0 1 0 1 0 
13 16 7 12 17 
1 1 0 0 1 1 0 0 1 1 0 0 
17 14 17 9 13 16 
1 1 0 0 1 1 0 0 1 1 1 1 
4 2 17 13 16 
1 1 0 0 1 1 0 1 0 0 0 1 
5 14 17 15 13 16 
1 1 0 0 1 1 0 1 0 0 1 0 
14 13 5 9 16 
1 1 0 0 1 1 0 1 0 1 0 0 
17 14 17 15 13 16 
1 1 0 0 1 1 0 1 0 1 1 1 
14 17 15 13 16 
1 1 0 0 1 1 0 1 1 0 0 0 
13 4 6 15 17 
1 1 0 0 1 1 0 1 1 0 1 1 
6 3 17 13 12 16 
1 1 0 0 1 1 0 1 1 1 0 1 
6 15 17 13 16 
1 1 0 0 1 1 0 1 1 1 1 0 
4 13 17 14 16 
1 1 0 0 1 1 1 0 0 0 0 1 
5 10 14 17 12 16 
1 1 0 0 1 1 1 0 0 0 1 0 
3 4 13 14 12 16 
1 1 0 0 1 1 1 0 0 1 0 0 
10 17 14 17 12 16 
1 1 0 0 1 1 1 0 0 1 1 1 
10 14 17 12 16 
1 1 0 0 1 1 1 0 1 0 0 0 
13 4 3 8 13 16 
1 1 0 0 1 1 1 0 1 0 1 1 
0 17 3 13 16 
1 1 0 0 1 1 1 0 1 1 0 1 
11 10 14 17 12 16 
1 1 0 0 1 1 1 0 1 1 1 0 
1 10 17 14 12 16 
1 1 0 0 1 1 1 1 0 0 0 0 
0 5 15 17 13 16 
1 1 0 0 1 1 1 1 0 0 1 1 
12 14 17 15 13 16 
1 1 0 0 1 1 1 1 0 1 0 1 
15 14 17 13 16 
1 1 0 0 1 1 1 1 0 1 1 0 
15 14 13 17 16 
1 1 0 0 1 1 1 1 1 0 0 1 
0 15 17 13 16 
1 1 0 0 1 1 1 1 1 0 1 0 
0 15 13 17 16 
1 1 0 0 1 1 1 1 1 1 0 0 
15 1 17 14 13 16 
1 1 0 0 1 1 1 1 1 1 1 1 
3 4 2 17 13 12 16 
1 1 0 1 0 0 0 0 0 0 0 1 
13 15 13 16 
1 1 0 1 0 0 0 0 0 0 1 0 
9 16 
1 1 0 1 0 0 0 0 0 1 0 0 
12 3 0 16 
1 1 0 1 0 0 0 0 0 1 1 1 
17 13 15 13 16 
1 1 0 1 0 0 0 0 1 0 0 0 
10 8 16 
1 1 0 1 0 0 0 0 1 0 1 1 
5 9 16 
1 1 0 1 0 0 0 0 1 1 0 1 
5 13 15 13 16 
1 1 0 1 0 0 0 0 1 1 1 0 
17 9 16 
1 1 0 1 0 0 0 1 0 0 0 0 
15 16 
1 1 0 1 0 0 0 1 0 0 1 1 
6 5 6 15 16 
1 1 0 1 0 0 0 1 0 1 0 1 
16 13 3 14 17 
1 1 0 1 0 0 0 1 0 1 1 0 
16 7 14 17 
1 1 0 1 0 0 0 1 1 0 0 1 
3 5 9 16 
1 1 0 1 0 0 0 1 1 0 1 0 
4 6 13 17 
1 1 0 1 0 0 0 1 1 1 0 0 
3 17 9 16 
1 1 0 1 0 0 0 1 1 1 1 1 
17 15 16 
1 1 0 1 0 0 1 0 0 0 0 0 
3 16 
1 1 0 1 0 0 1 0 0 0 1 1 
4 6 2 17 
1 1 0 1 0 0 1 0 0 1 0 1 
4 0 2 15 17 
1 1 0 1 0 0 1 0 0 1 1 0 
16 3 6 14 16 
1 1 0 1 0 0 1 0 1 0 0 1 
15 5 9 16 
1 1 0 1 0 0 1 0 1 0 1 0 
16 0 7 17 
1 1 0 1 0 0 1 0 1 1 0 0 
15 17 9 16 
1 1 0 1 0 0 1 0 1 1 1 1 
17 3 16 
1 1 0 1 0 0 1 1 0 0 0 1 
17 15 17 16 
1 1 0 1 0 0 1 1 0 0 1 0 
5 15 16 13 17 
1 1 0 1 0 0 1 1 0 1 0 0 
5 15 17 16 
1 1 0 1 0 0 1 1 0 1 1 1 
11 15 17 16 
1 1 0 1 0 0 1 1 1 0 0 0 
16 8 12 15 16 
1 1 0 1 0 0 1 1 1 0 1 1 
3 16 0 17 
1 1 0 1 0 0 1 1 1 1 0 1 
15 17 16 
1 1 0 1 0 0 1 1 1 1 1 0 
15 16 13 17 
1 1 0 1 0 1 0 0 0 0 0 0 
13 15 16 
1 1 0 1 0 1 0 0 0 0 1 1 
4 6 14 17 
1 1 0 1 0 1 0 0 0 1 0 1 
16 1 3 14 17 
1 1 0 1 0 1 0 0 0 1 1 0 
16 1 14 17 
1 1 0 1 0 1 0 0 1 0 0 1 
4 2 7 15 16 
1 1 0 1 0 1 0 0 1 0 1 0 
4 1 6 17 
1 1 0 1 0 1 0 0 1 1 0 0 
16 7 3 17 
1 1 0 1 0 1 0 0 1 1 1 1 
17 13 15 16 
1 1 0 1 0 1 0 1 0 0 0 1 
4 2 1 15 16 
1 1 0 1 0 1 0 1 0 0 1 0 
16 2 9 12 16 
1 1 0 1 0 1 0 1 0 1 0 0 
16 2 6 15 16 
1 1 0 1 0 1 0 1 0 1 1 1 
8 17 15 14 16 
1 1 0 1 0 1 0 1 1 0 0 0 
4 2 15 13 16 
1 1 0 1 0 1 0 1 1 0 1 1 
11 13 17 15 16 
1 1 0 1 0 1 0 1 1 1 0 1 
3 17 13 15 16 
1 1 0 1 0 1 0 1 1 1 1 0 
13 17 15 16 
1 1 0 1 0 1 1 0 0 0 0 1 
7 17 15 17 16 
1 1 0 1 0 1 1 0 0 0 1 0 
16 3 2 12 16 
1 1 0 1 0 1 1 0 0 1 0 0 
5 7 15 17 16 
1 1 0 1 0 1 1 0 0 1 1 1 
8 17 3 14 16 
1 1 0 1 0 1 1 0 1 0 0 0 
4 3 2 13 16 
1 1 0 1 0 1 1 0 1 0 1 1 
8 0 17 3 16 
1 1 0 1 0 1 1 0 1 1 0 1 
7 15 17 16 
1 1 0 1 0 1 1 0 1 1 1 0 
1 17 3 13 16 
1 1 0 1 0 1 1 1 0 0 0 0 
16 2 12 15 16 
1 1 0 1 0 1 1 1 0 0 1 1 
11 13 15 17 16 
1 1 0 1 0 1 1 1 0 1 0 1 
15 16 14 17 
1 1 0 1 0 1 1 1 0 1 1 0 
5 13 15 17 16 
1 1 0 1 0 1 1 1 1 0 0 1 
17 13 15 17 16 
1 1 0 1 0 1 1 1 1 0 1 0 
13 3 16 0 17 
1 1 0 1 0 1 1 1 1 1 0 0 
13 15 17 16 
1 1 0 1 0 1 1 1 1 1 1 1 
16 3 17 2 12 16 
1 1 0 1 1 0 0 0 0 0 0 0 
10 14 16 
1 1 0 1 1 0 0 0 0 0 1 1 
4 2 6 17 
1 1 0 1 1 0 0 0 0 1 0 1 
4 12 2 15 17 
1 1 0 1 1 0 0 0 0 1 1 0 
16 2 7 17 
1 1 0 1 1 0 0 0 1 0 0 1 
4 6 15 17 
1 1 0 1 1 0 0 0 1 0 1 0 
16 7 12 17 
1 1 0 1 1 0 0 0 1 1 0 0 
16 6 3 8 16 
1 1 0 1 1 0 0 0 1 1 1 1 
10 17 14 16 
1 1 0 1 1 0 0 1 0 0 0 1 
4 1 15 14 16 
1 1 0 1 1 0 0 1 0 0 1 0 
16 9 14 12 16 
1 1 0 1 1 0 0 1 0 1 0 0 
16 0 15 14 16 
1 1 0 1 1 0 0 1 0 1 1 1 
2 17 15 14 16 
1 1 0 1 1 0 0 1 1 0 0 0 
4 8 15 13 16 
1 1 0 1 1 0 0 1 1 0 1 1 
6 3 17 12 16 
1 1 0 1 1 0 0 1 1 1 0 1 
6 15 17 16 
1 1 0 1 1 0 0 1 1 1 1 0 
8 13 17 15 16 
1 1 0 1 1 0 1 0 0 0 0 1 
4 3 7 14 16 
1 1 0 1 1 0 1 0 0 0 1 0 
16 3 14 12 16 
1 1 0 1 1 0 1 0 0 1 0 0 
16 3 0 14 16 
1 1 0 1 1 0 1 0 0 1 1 1 
2 17 3 14 16 
1 1 0 1 1 0 1 0 1 0 0 0 
4 3 8 13 16 
1 1 0 1 1 0 1 0 1 0 1 1 
0 17 3 16 
1 1 0 1 1 0 1 0 1 1 0 1 
15 10 17 14 16 
1 1 0 1 1 0 1 0 1 1 1 0 
11 0 17 3 16 
1 1 0 1 1 0 1 1 0 0 0 0 
4 1 3 14 16 
1 1 0 1 1 0 1 1 0 0 1 1 
0 11 15 17 16 
1 1 0 1 1 0 1 1 0 1 0 1 
15 16 2 17 
1 1 0 1 1 0 1 1 0 1 1 0 
11 0 15 17 16 
1 1 0 1 1 0 1 1 1 0 0 1 
0 15 17 16 
1 1 0 1 1 0 1 1 1 0 1 0 
15 16 13 12 17 
1 1 0 1 1 0 1 1 1 1 0 0 
8 13 15 17 16 
1 1 0 1 1 0 1 1 1 1 1 1 
16 3 17 14 12 16 
1 1 0 1 1 1 0 0 0 0 0 1 
4 7 15 14 16 
1 1 0 1 1 1 0 0 0 0 1 0 
4 9 13 14 16 
1 1 0 1 1 1 0 0 0 1 0 0 
10 17 14 17 16 
1 1 0 1 1 1 0 0 0 1 1 1 
10 14 17 16 
1 1 0 1 1 1 0 0 1 0 0 0 
16 7 3 12 17 
1 1 0 1 1 1 0 0 1 0 1 1 
10 14 16 12 17 
1 1 0 1 1 1 0 0 1 1 0 1 
11 10 14 17 16 
1 1 0 1 1 1 0 0 1 1 1 0 
10 2 16 1 17 
1 1 0 1 1 1 0 1 0 0 0 0 
4 15 13 14 16 
1 1 0 1 1 1 0 1 0 0 1 1 
2 6 3 17 12 16 
1 1 0 1 1 1 0 1 0 1 0 1 
3 10 14 17 16 
1 1 0 1 1 1 0 1 0 1 1 0 
14 13 17 15 16 
1 1 0 1 1 1 0 1 1 0 0 1 
6 4 15 17 13 16 
1 1 0 1 1 1 0 1 1 0 1 0 
6 13 3 17 12 16 
1 1 0 1 1 1 0 1 1 1 0 0 
6 13 15 17 16 
1 1 0 1 1 1 0 1 1 1 1 1 
4 2 17 15 13 16 
1 1 0 1 1 1 1 0 0 0 0 0 
4 3 13 14 16 
1 1 0 1 1 1 1 0 0 0 1 1 
10 12 14 17 16 
1 1 0 1 1 1 1 0 0 1 0 1 
15 10 14 17 16 
1 1 0 1 1 1 1 0 0 1 1 0 
1 10 14 17 12 16 
1 1 0 1 1 1 1 0 1 0 0 1 
0 7 15 17 16 
1 1 0 1 1 1 1 0 1 0 1 0 
1 0 17 3 13 16 
1 1 0 1 1 1 1 0 1 1 0 0 
7 15 17 14 13 16 
1 1 0 1 1 1 1 0 1 1 1 1 
4 2 17 3 13 16 
1 1 0 1 1 1 1 1 0 0 0 1 
2 0 15 17 16 
1 1 0 1 1 1 1 1 0 0 1 0 
12 14 13 17 15 16 
1 1 0 1 1 1 1 1 0 1 0 0 
14 13 15 17 16 
1 1 0 1 1 1 1 1 0 1 1 1 
16 3 14 17 12 16 
1 1 0 1 1 1 1 1 1 0 0 0 
0 13 15 17 16 
1 1 0 1 1 1 1 1 1 0 1 1 
16 14 12 17 15 16 
1 1 0 1 1 1 1 1 1 1 0 1 
4 2 15 17 13 16 
1 1 0 1 1 1 1 1 1 1 1 0 
4 15 13 17 14 16 
1 1 1 0 0 0 0 0 0 0 0 1 
7 16 
1 1 1 0 0 0 0 0 0 0 1 0 
15 1 3 16 
1 1 1 0 0 0 0 0 0 1 0 0 
10 6 16 
1 1 1 0 0 0 0 0 0 1 1 1 
17 7 16 
1 1 1 0 0 0 0 0 1 0 0 0 
14 13 14 16 
1 1 1 0 0 0 0 0 1 0 1 1 
17 14 13 14 16 
1 1 1 0 0 0 0 0 1 1 0 1 
5 7 16 
1 1 1 0 0 0 0 0 1 1 1 0 
5 14 13 14 16 
1 1 1 0 0 0 0 1 0 0 0 0 
1 16 
1 1 1 0 0 0 0 1 0 0 1 1 
16 9 7 12 16 
1 1 1 0 0 0 0 1 0 1 0 1 
16 3 8 17 
1 1 1 0 0 0 0 1 0 1 1 0 
13 17 7 16 
1 1 1 0 0 0 0 1 1 0 0 1 
4 9 0 17 
1 1 1 0 0 0 0 1 1 0 1 0 
4 3 0 13 17 
1 1 1 0 0 0 0 1 1 1 0 0 
13 5 7 16 
1 1 1 0 0 0 0 1 1 1 1 1 
17 1 16 
1 1 1 0 0 0 1 0 0 0 0 0 
10 12 16 
1 1 1 0 0 0 1 0 0 0 1 1 
16 0 8 17 
1 1 1 0 0 0 1 0 0 1 0 1 
16 8 15 17 
1 1 1 0 0 0 1 0 0 1 1 0 
16 9 1 6 16 
1 1 1 0 0 0 1 0 1 0 0 1 
4 0 9 17 
1 1 1 0 0 0 1 0 1 0 1 0 
4 15 0 13 17 
1 1 1 0 0 0 1 0 1 1 0 0 
4 9 13 17 
1 1 1 0 0 0 1 0 1 1 1 1 
10 17 12 16 
1 1 1 0 0 0 1 1 0 0 0 1 
4 7 2 12 16 
1 1 1 0 0 0 1 1 0 0 1 0 
16 9 1 12 16 
1 1 1 0 0 0 1 1 0 1 0 0 
4 1 6 14 16 
1 1 1 0 0 0 1 1 0 1 1 1 
11 3 17 1 16 
1 1 1 0 0 0 1 1 1 0 0 0 
4 1 8 12 16 
1 1 1 0 0 0 1 1 1 0 1 1 
0 17 1 12 16 
1 1 1 0 0 0 1 1 1 1 0 1 
3 17 1 16 
1 1 1 0 0 0 1 1 1 1 1 0 
13 10 17 12 16 
1 1 1 0 0 1 0 0 0 0 0 0 
13 16 
1 1 1 0 0 1 0 0 0 0 1 1 
16 8 12 17 
1 1 1 0 0 1 0 0 0 1 0 1 
4 9 14 17 
1 1 1 0 0 1 0 0 0 1 1 0 
1 17 7 16 
1 1 1 0 0 1 0 0 1 0 0 1 
6 17 6 13 16 
1 1 1 0 0 1 0 0 1 0 1 0 
16 14 1 12 17 
1 1 1 0 0 1 0 0 1 1 0 0 
1 5 7 16 
1 1 1 0 0 1 0 0 1 1 1 1 
17 13 16 
1 1 1 0 0 1 0 1 0 0 0 1 
16 3 8 12 17 
1 1 1 0 0 1 0 1 0 0 1 0 
5 13 17 16 
1 1 1 0 0 1 0 1 0 1 0 0 
16 6 15 13 16 
1 1 1 0 0 1 0 1 0 1 1 1 
13 16 14 17 
1 1 1 0 0 1 0 1 1 0 0 0 
17 13 17 16 
1 1 1 0 0 1 0 1 1 0 1 1 
11 13 17 16 
1 1 1 0 0 1 0 1 1 1 0 1 
1 16 3 17 
1 1 1 0 0 1 0 1 1 1 1 0 
13 17 16 
1 1 1 0 0 1 1 0 0 0 0 1 
4 2 7 12 16 
1 1 1 0 0 1 1 0 0 0 1 0 
16 3 13 12 16 
1 1 1 0 0 1 1 0 0 1 0 0 
16 3 6 13 16 
1 1 1 0 0 1 1 0 0 1 1 1 
6 14 17 13 16 
1 1 1 0 0 1 1 0 1 0 0 0 
4 2 13 12 16 
1 1 1 0 0 1 1 0 1 0 1 1 
0 17 13 12 16 
1 1 1 0 0 1 1 0 1 1 0 1 
9 17 15 13 16 
1 1 1 0 0 1 1 0 1 1 1 0 
9 13 17 16 
1 1 1 0 0 1 1 1 0 0 0 0 
4 2 1 12 16 
1 1 1 0 0 1 1 1 0 0 1 1 
11 3 13 17 16 
1 1 1 0 0 1 1 1 0 1 0 1 
13 16 15 14 17 
1 1 1 0 0 1 1 1 0 1 1 0 
6 14 13 17 16 
1 1 1 0 0 1 1 1 1 0 0 1 
3 11 13 17 16 
1 1 1 0 0 1 1 1 1 0 1 0 
13 16 0 17 
1 1 1 0 0 1 1 1 1 1 0 0 
3 13 17 16 
1 1 1 0 0 1 1 1 1 1 1 1 
16 3 17 13 12 16 
1 1 1 0 1 0 0 0 0 0 0 0 
14 13 16 
1 1 1 0 1 0 0 0 0 0 1 1 
16 2 12 17 
1 1 1 0 1 0 0 0 0 1 0 1 
4 2 9 17 
1 1 1 0 1 0 0 0 0 1 1 0 
16 8 1 17 
1 1 1 0 1 0 0 0 1 0 0 1 
4 9 12 17 
1 1 1 0 1 0 0 0 1 0 1 0 
16 2 1 12 17 
1 1 1 0 1 0 0 0 1 1 0 0 
4 8 6 13 16 
1 1 1 0 1 0 0 0 1 1 1 1 
17 14 13 16 
1 1 1 0 1 0 0 1 0 0 0 1 
16 1 0 15 16 
1 1 1 0 1 0 0 1 0 0 1 0 
5 8 13 17 16 
1 1 1 0 1 0 0 1 0 1 0 0 
4 1 0 14 16 
1 1 1 0 1 0 0 1 0 1 1 1 
13 14 17 13 16 
1 1 1 0 1 0 0 1 1 0 0 0 
8 17 13 17 16 
1 1 1 0 1 0 0 1 1 0 1 1 
6 17 1 12 16 
1 1 1 0 1 0 0 1 1 1 0 1 
6 3 17 1 16 
1 1 1 0 1 0 0 1 1 1 1 0 
8 13 17 16 
1 1 1 0 1 0 1 0 0 0 0 1 
4 7 14 12 16 
1 1 1 0 1 0 1 0 0 0 1 0 
10 17 12 17 16 
1 1 1 0 1 0 1 0 0 1 0 0 
4 2 9 13 17 
1 1 1 0 1 0 1 0 0 1 1 1 
10 0 16 2 17 
1 1 1 0 1 0 1 0 1 0 0 0 
4 8 13 12 16 
1 1 1 0 1 0 1 0 1 0 1 1 
10 12 17 16 
1 1 1 0 1 0 1 0 1 1 0 1 
10 12 16 15 17 
1 1 1 0 1 0 1 0 1 1 1 0 
11 10 12 17 16 
1 1 1 0 1 0 1 1 0 0 0 0 
4 1 14 12 16 
1 1 1 0 1 0 1 1 0 0 1 1 
13 12 14 17 13 16 
1 1 1 0 1 0 1 1 0 1 0 1 
3 13 14 17 13 16 
1 1 1 0 1 0 1 1 0 1 1 0 
8 13 17 12 14 16 
1 1 1 0 1 0 1 1 1 0 0 1 
10 15 12 17 16 
1 1 1 0 1 0 1 1 1 0 1 0 
13 10 12 17 16 
1 1 1 0 1 0 1 1 1 1 0 0 
3 8 13 17 16 
1 1 1 0 1 0 1 1 1 1 1 1 
4 17 1 14 12 16 
1 1 1 0 1 1 0 0 0 0 0 1 
5 14 17 13 16 
1 1 1 0 1 1 0 0 0 0 1 0 
16 0 9 13 16 
1 1 1 0 1 1 0 0 0 1 0 0 
17 14 17 13 16 
1 1 1 0 1 1 0 0 0 1 1 1 
14 17 13 16 
1 1 1 0 1 1 0 0 1 0 0 0 
4 8 0 13 16 
1 1 1 0 1 1 0 0 1 0 1 1 
6 17 13 12 16 
1 1 1 0 1 1 0 0 1 1 0 1 
11 14 17 13 16 
1 1 1 0 1 1 0 0 1 1 1 0 
1 17 14 13 16 
1 1 1 0 1 1 0 1 0 0 0 0 
16 0 15 13 16 
1 1 1 0 1 1 0 1 0 0 1 1 
5 14 13 17 16 
1 1 1 0 1 1 0 1 0 1 0 1 
1 16 3 2 17 
1 1 1 0 1 1 0 1 0 1 1 0 
14 13 17 16 
1 1 1 0 1 1 0 1 1 0 0 1 
11 14 13 17 16 
1 1 1 0 1 1 0 1 1 0 1 0 
13 16 12 17 
1 1 1 0 1 1 0 1 1 1 0 0 
17 14 13 17 16 
1 1 1 0 1 1 0 1 1 1 1 1 
17 16 0 15 13 16 
1 1 1 0 1 1 1 0 0 0 0 0 
4 13 14 12 16 
1 1 1 0 1 1 1 0 0 0 1 1 
12 14 17 13 16 
1 1 1 0 1 1 1 0 0 1 0 1 
15 10 14 17 12 16 
1 1 1 0 1 1 1 0 0 1 1 0 
9 14 13 17 16 
1 1 1 0 1 1 1 0 1 0 0 1 
0 9 17 15 13 16 
1 1 1 0 1 1 1 0 1 0 1 0 
1 10 12 17 16 
1 1 1 0 1 1 1 0 1 1 0 0 
11 12 14 17 13 16 
1 1 1 0 1 1 1 0 1 1 1 1 
4 2 17 13 12 16 
1 1 1 0 1 1 1 1 0 0 0 1 
15 12 14 17 13 16 
1 1 1 0 1 1 1 1 0 0 1 0 
12 14 13 17 16 
1 1 1 0 1 1 1 1 0 1 0 0 
3 14 13 17 16 
1 1 1 0 1 1 1 1 0 1 1 1 
4 13 14 17 12 16 
1 1 1 0 1 1 1 1 1 0 0 0 
0 3 13 17 16 
1 1 1 0 1 1 1 1 1 0 1 1 
16 12 17 15 13 16 
1 1 1 0 1 1 1 1 1 1 0 1 
16 12 15 17 13 16 
1 1 1 0 1 1 1 1 1 1 1 0 
4 13 17 14 12 16 
1 1 1 1 0 0 0 0 0 0 0 0 
16 
1 1 1 1 0 0 0 0 0 0 1 1 
6 5 6 16 
1 1 1 1 0 0 0 0 0 1 0 1 
16 13 17 14 17 
1 1 1 1 0 0 0 0 0 1 1 0 
7 17 7 16 
1 1 1 1 0 0 0 0 1 0 0 1 
6 17 6 16 
1 1 1 1 0 0 0 0 1 0 1 0 
16 14 17 12 17 
1 1 1 1 0 0 0 0 1 1 0 0 
7 5 7 16 
1 1 1 1 0 0 0 0 1 1 1 1 
17 16 
1 1 1 1 0 0 0 1 0 0 0 1 
17 16 3 17 
1 1 1 1 0 0 0 1 0 0 1 0 
5 16 13 17 
1 1 1 1 0 0 0 1 0 1 0 0 
5 16 3 17 
1 1 1 1 0 0 0 1 0 1 1 1 
16 13 14 17 
1 1 1 1 0 0 0 1 1 0 0 0 
17 16 13 17 
1 1 1 1 0 0 0 1 1 0 1 1 
11 16 13 17 
1 1 1 1 0 0 0 1 1 1 0 1 
16 3 17 
1 1 1 1 0 0 0 1 1 1 1 0 
16 13 17 
1 1 1 1 0 0 1 0 0 0 0 1 
17 16 15 17 
1 1 1 1 0 0 1 0 0 0 1 0 
17 16 0 17 
1 1 1 1 0 0 1 0 0 1 0 0 
5 16 15 17 
1 1 1 1 0 0 1 0 0 1 1 1 
11 16 15 17 
1 1 1 1 0 0 1 0 1 0 0 0 
5 16 0 17 
1 1 1 1 0 0 1 0 1 0 1 1 
16 0 17 
1 1 1 1 0 0 1 0 1 1 0 1 
16 15 17 
1 1 1 1 0 0 1 0 1 1 1 0 
16 15 13 17 
1 1 1 1 0 0 1 1 0 0 0 0 
16 12 16 15 16 
1 1 1 1 0 0 1 1 0 0 1 1 
11 3 16 13 17 
1 1 1 1 0 0 1 1 0 1 0 1 
8 10 15 17 16 
1 1 1 1 0 0 1 1 0 1 1 0 
5 3 16 13 17 
1 1 1 1 0 0 1 1 1 0 0 1 
15 16 0 17 
1 1 1 1 0 0 1 1 1 0 1 0 
16 0 13 17 
1 1 1 1 0 0 1 1 1 1 0 0 
3 16 13 17 
1 1 1 1 0 0 1 1 1 1 1 1 
16 3 4 17 12 16 
1 1 1 1 0 1 0 0 0 0 0 1 
5 16 14 17 
1 1 1 1 0 1 0 0 0 0 1 0 
5 16 1 17 
1 1 1 1 0 1 0 0 0 1 0 0 
17 16 14 17 
1 1 1 1 0 1 0 0 0 1 1 1 
16 14 17 
1 1 1 1 0 1 0 0 1 0 0 0 
17 16 1 17 
1 1 1 1 0 1 0 0 1 0 1 1 
16 14 12 17 
1 1 1 1 0 1 0 0 1 1 0 1 
11 16 14 17 
1 1 1 1 0 1 0 0 1 1 1 0 
16 1 17 
1 1 1 1 0 1 0 1 0 0 0 0 
16 15 16 13 16 
1 1 1 1 0 1 0 1 0 0 1 1 
5 16 14 13 17 
1 1 1 1 0 1 0 1 0 1 0 1 
16 3 14 17 
1 1 1 1 0 1 0 1 0 1 1 0 
16 14 13 17 
1 1 1 1 0 1 0 1 1 0 0 1 
16 3 14 12 17 
1 1 1 1 0 1 0 1 1 0 1 0 
6 10 13 17 16 
1 1 1 1 0 1 0 1 1 1 0 0 
16 3 1 17 
1 1 1 1 0 1 0 1 1 1 1 1 
17 16 15 16 13 16 
1 1 1 1 0 1 1 0 0 0 0 0 
16 2 16 12 16 
1 1 1 1 0 1 1 0 0 0 1 1 
16 0 14 17 
1 1 1 1 0 1 1 0 0 1 0 1 
16 15 14 17 
1 1 1 1 0 1 1 0 0 1 1 0 
16 15 14 13 17 
1 1 1 1 0 1 1 0 1 0 0 1 
16 15 14 12 17 
1 1 1 1 0 1 1 0 1 0 1 0 
16 1 0 17 
1 1 1 1 0 1 1 0 1 1 0 0 
16 1 15 17 
1 1 1 1 0 1 1 0 1 1 1 1 
17 16 2 16 12 16 
1 1 1 1 0 1 1 1 0 0 0 1 
15 16 0 14 17 
1 1 1 1 0 1 1 1 0 0 1 0 
16 0 14 13 17 
1 1 1 1 0 1 1 1 0 1 0 0 
3 16 14 13 17 
1 1 1 1 0 1 1 1 0 1 1 1 
5 3 16 14 13 17 
1 1 1 1 0 1 1 1 1 0 0 0 
13 15 16 0 17 
1 1 1 1 0 1 1 1 1 0 1 1 
5 16 0 14 13 17 
1 1 1 1 0 1 1 1 1 1 0 1 
16 15 17 16 13 16 
1 1 1 1 0 1 1 1 1 1 1 0 
16 15 16 13 17 16 
1 1 1 1 1 0 0 0 0 0 0 1 
5 16 2 17 
1 1 1 1 1 0 0 0 0 0 1 0 
17 16 12 17 
1 1 1 1 1 0 0 0 0 1 0 0 
17 16 2 17 
1 1 1 1 1 0 0 0 0 1 1 1 
16 2 17 
1 1 1 1 1 0 0 0 1 0 0 0 
5 16 12 17 
1 1 1 1 1 0 0 0 1 0 1 1 
16 12 17 
1 1 1 1 1 0 0 0 1 1 0 1 
16 12 15 17 
1 1 1 1 1 0 0 0 1 1 1 0 
11 16 12 17 
1 1 1 1 1 0 0 1 0 0 0 0 
16 1 16 14 16 
1 1 1 1 1 0 0 1 0 0 1 1 
7 2 16 12 17 
1 1 1 1 1 0 0 1 0 1 0 1 
16 3 2 17 
1 1 1 1 1 0 0 1 0 1 1 0 
16 2 13 17 
1 1 1 1 1 0 0 1 1 0 0 1 
16 3 12 17 
1 1 1 1 1 0 0 1 1 0 1 0 
16 13 12 17 
1 1 1 1 1 0 0 1 1 1 0 0 
16 3 11 12 17 
1 1 1 1 1 0 0 1 1 1 1 1 
17 16 1 16 14 16 
1 1 1 1 1 0 1 0 0 0 0 0 
16 14 16 12 16 
1 1 1 1 1 0 1 0 0 0 1 1 
16 2 0 17 
1 1 1 1 1 0 1 0 0 1 0 1 
16 2 15 17 
1 1 1 1 1 0 1 0 0 1 1 0 
11 16 15 12 17 
1 1 1 1 1 0 1 0 1 0 0 1 
16 15 12 17 
1 1 1 1 1 0 1 0 1 0 1 0 
7 10 12 17 16 
1 1 1 1 1 0 1 0 1 1 0 0 
5 16 15 12 17 
1 1 1 1 1 0 1 0 1 1 1 1 
17 16 14 16 12 16 
1 1 1 1 1 0 1 1 0 0 0 1 
15 16 2 0 17 
1 1 1 1 1 0 1 1 0 0 1 0 
16 2 0 13 17 
1 1 1 1 1 0 1 1 0 1 0 0 
3 16 2 13 17 
1 1 1 1 1 0 1 1 0 1 1 1 
5 3 16 2 13 17 
1 1 1 1 1 0 1 1 1 0 0 0 
3 16 13 12 17 
1 1 1 1 1 0 1 1 1 0 1 1 
16 12 17 16 15 16 
1 1 1 1 1 0 1 1 1 1 0 1 
16 12 16 15 17 16 
1 1 1 1 1 0 1 1 1 1 1 0 
5 3 16 13 12 17 
1 1 1 1 1 1 0 0 0 0 0 0 
16 13 16 14 16 
1 1 1 1 1 1 0 0 0 0 1 1 
2 16 12 17 
1 1 1 1 1 1 0 0 0 1 0 1 
9 10 14 17 16 
1 1 1 1 1 1 0 0 0 1 1 0 
14 16 1 17 
1 1 1 1 1 1 0 0 1 0 0 1 
5 2 16 12 17 
1 1 1 1 1 1 0 0 1 0 1 0 
16 1 12 17 
1 1 1 1 1 1 0 0 1 1 0 0 
11 2 16 12 17 
1 1 1 1 1 1 0 0 1 1 1 1 
16 2 4 17 13 16 
1 1 1 1 1 1 0 1 0 0 0 1 
2 16 3 12 17 
1 1 1 1 1 1 0 1 0 0 1 0 
2 16 13 12 17 
1 1 1 1 1 1 0 1 0 1 0 0 
14 16 3 1 17 
1 1 1 1 1 1 0 1 0 1 1 1 
16 13 16 14 17 16 
1 1 1 1 1 1 0 1 1 0 0 0 
16 3 1 12 17 
1 1 1 1 1 1 0 1 1 0 1 1 
5 2 16 13 12 17 
1 1 1 1 1 1 0 1 1 1 0 1 
5 2 16 3 12 17 
1 1 1 1 1 1 0 1 1 1 1 0 
16 13 17 16 14 16 
1 1 1 1 1 1 1 0 0 0 0 1 
2 16 15 12 17 
1 1 1 1 1 1 1 0 0 0 1 0 
14 16 1 0 17 
1 1 1 1 1 1 1 0 0 1 0 0 
14 16 1 15 17 
1 1 1 1 1 1 1 0 0 1 1 1 
16 14 17 16 12 16 
1 1 1 1 1 1 1 0 1 0 0 0 
16 1 15 12 17 
1 1 1 1 1 1 1 0 1 0 1 1 
16 14 16 12 17 16 
1 1 1 1 1 1 1 0 1 1 0 1 
5 2 16 15 12 17 
1 1 1 1 1 1 1 0 1 1 1 0 
5 16 1 15 12 17 
1 1 1 1 1 1 1 1 0 0 0 0 
3 2 16 13 12 17 
1 1 1 1 1 1 1 1 0 0 1 1 
6 16 13 14 17 12 16 
1 1 1 1 1 1 1 1 0 1 0 1 
15 16 14 17 16 12 16 
1 1 1 1 1 1 1 1 0 1 1 0 
16 14 13 17 16 12 16 
1 1 1 1 1 1 1 1 1 0 0 1 
16 15 12 17 16 13 16 
1 1 1 1 1 1 1 1 1 0 1 0 
6 16 13 17 14 12 16 
1 1 1 1 1 1 1 1 1 1 0 0 
7 16 12 15 17 13 16 
1 1 1 1 1 1 1 1 1 1 1 1 
16 3 2 17 13 12 16 
